10

1000
0 992
1 1341
2 1899
3 22
4 1299
5 373
6 147
7 1312
8 757
9 742
10 1632
11 1511
12 426
13 475
14 1243
15 1830
16 1116
17 1129
18 491
19 937
20 372
21 402
22 1983
23 669
24 1934
25 1062
26 1523
27 1492
28 940
29 1145
30 258
31 1813
32 1658
33 991
34 1657
35 207
36 1833
37 483
38 1972
39 333
40 1818
41 119
42 327
43 597
44 72
45 1270
46 731
47 1211
48 1122
49 1397
50 1603
51 1875
52 1684
53 120
54 1577
55 1332
56 786
57 658
58 618
59 887
60 1137
61 1908
62 1947
63 735
64 65
65 406
66 1351
67 146
68 762
69 1587
70 1718
71 981
72 545
73 798
74 267
75 1783
76 696
77 979
78 1370
79 1028
80 512
81 665
82 372
83 1945
84 1547
85 1891
86 256
87 711
88 706
89 117
90 1672
91 1792
92 864
93 1332
94 1469
95 479
96 1049
97 150
98 1928
99 180
100 315
101 89
102 159
103 221
104 1439
105 1696
106 1408
107 1888
108 924
109 1335
110 12
111 1892
112 57
113 1863
114 1571
115 256
116 556
117 437
118 1272
119 1579
120 1043
121 1909
122 960
123 403
124 302
125 1245
126 1453
127 1209
128 711
129 1348
130 849
131 1513
132 1360
133 697
134 1314
135 1447
136 40
137 751
138 1817
139 1397
140 457
141 1414
142 1718
143 1793
144 929
145 885
146 1251
147 667
148 1962
149 35
150 19
151 628
152 1272
153 150
154 231
155 930
156 1567
157 1746
158 1485
159 961
160 1071
161 915
162 1334
163 644
164 765
165 1638
166 1522
167 136
168 1455
169 897
170 1339
171 57
172 1971
173 1715
174 74
175 893
176 300
177 1126
178 585
179 975
180 1275
181 1249
182 1782
183 551
184 166
185 1610
186 721
187 436
188 1255
189 1929
190 1347
191 1963
192 836
193 887
194 555
195 1113
196 278
197 1413
198 326
199 1108
200 1336
201 1673
202 1129
203 640
204 526
205 36
206 382
207 814
208 319
209 1279
210 1689
211 1359
212 1569
213 1619
214 1862
215 758
216 1856
217 471
218 1489
219 971
220 1642
221 836
222 962
223 91
224 1514
225 1061
226 1651
227 1869
228 735
229 1242
230 527
231 160
232 776
233 460
234 1240
235 1280
236 654
237 267
238 117
239 327
240 286
241 290
242 295
243 1440
244 1297
245 1084
246 1078
247 326
248 1546
249 304
250 1180
251 379
252 108
253 376
254 526
255 374
256 1989
257 1152
258 931
259 1651
260 971
261 681
262 306
263 126
264 2
265 541
266 1132
267 538
268 935
269 877
270 131
271 700
272 1259
273 630
274 630
275 1077
276 1215
277 1490
278 10
279 636
280 1417
281 266
282 566
283 873
284 1921
285 1065
286 891
287 110
288 90
289 1084
290 1246
291 833
292 1824
293 470
294 500
295 1204
296 1994
297 544
298 1881
299 1189
300 1084
301 1373
302 316
303 1696
304 1277
305 604
306 810
307 1539
308 159
309 583
310 1078
311 1882
312 992
313 760
314 754
315 745
316 1484
317 426
318 1661
319 1912
320 733
321 205
322 1609
323 552
324 1184
325 196
326 1831
327 1348
328 1253
329 1769
330 258
331 1075
332 1827
333 801
334 1060
335 761
336 885
337 505
338 1961
339 61
340 1477
341 799
342 302
343 822
344 884
345 1550
346 885
347 558
348 1299
349 1873
350 1065
351 8
352 833
353 648
354 520
355 1326
356 977
357 1544
358 241
359 99
360 134
361 1725
362 1323
363 552
364 686
365 1163
366 1520
367 1082
368 1289
369 994
370 197
371 776
372 885
373 1488
374 1495
375 610
376 1352
377 1920
378 323
379 1405
380 328
381 1648
382 129
383 3
384 1018
385 1008
386 1758
387 1879
388 1173
389 1062
390 1573
391 262
392 690
393 719
394 426
395 681
396 1267
397 1232
398 1923
399 1783
400 1981
401 362
402 1523
403 1031
404 51
405 860
406 483
407 1764
408 1056
409 1763
410 1263
411 1305
412 305
413 1196
414 283
415 955
416 1052
417 889
418 1312
419 1334
420 1041
421 402
422 375
423 415
424 1724
425 1955
426 417
427 569
428 1988
429 1988
430 1153
431 884
432 1811
433 1686
434 1110
435 79
436 66
437 200
438 1528
439 750
440 401
441 1065
442 1726
443 1079
444 1456
445 184
446 1610
447 86
448 540
449 1528
450 178
451 576
452 953
453 191
454 748
455 100
456 1705
457 814
458 1221
459 173
460 422
461 1034
462 254
463 741
464 1202
465 1561
466 1379
467 1508
468 1704
469 40
470 1417
471 1334
472 1886
473 89
474 500
475 1882
476 746
477 714
478 530
479 1814
480 622
481 1632
482 1815
483 728
484 1889
485 435
486 22
487 1960
488 188
489 1730
490 25
491 1673
492 29
493 408
494 974
495 1070
496 603
497 1670
498 110
499 1577
500 1799
501 944
502 234
503 1678
504 1292
505 884
506 1748
507 1399
508 1779
509 1236
510 487
511 1057
512 485
513 5
514 1140
515 451
516 109
517 1376
518 1659
519 1966
520 1097
521 1462
522 1586
523 528
524 493
525 304
526 1173
527 1043
528 1988
529 644
530 1114
531 1874
532 1365
533 1203
534 735
535 444
536 1390
537 96
538 291
539 641
540 863
541 843
542 1710
543 1337
544 1109
545 1627
546 1453
547 1412
548 561
549 1243
550 1326
551 1660
552 629
553 1579
554 228
555 646
556 1274
557 551
558 919
559 152
560 945
561 740
562 1532
563 1060
564 1940
565 199
566 285
567 1219
568 264
569 864
570 1012
571 1165
572 1794
573 675
574 1273
575 212
576 51
577 759
578 1845
579 352
580 1345
581 1271
582 1971
583 1413
584 1843
585 295
586 1826
587 641
588 72
589 240
590 1449
591 17
592 853
593 476
594 984
595 1875
596 1081
597 78
598 342
599 1238
600 511
601 712
602 1997
603 1358
604 1040
605 752
606 1998
607 916
608 882
609 188
610 1729
611 1546
612 1504
613 202
614 1006
615 1708
616 695
617 1404
618 433
619 546
620 1899
621 273
622 926
623 258
624 1556
625 1135
626 513
627 1346
628 1864
629 636
630 1568
631 1515
632 1270
633 780
634 975
635 1753
636 1516
637 757
638 1536
639 1455
640 134
641 1518
642 309
643 919
644 932
645 1942
646 723
647 1095
648 294
649 1025
650 533
651 1519
652 1895
653 652
654 10
655 495
656 227
657 754
658 572
659 1558
660 1637
661 871
662 1182
663 533
664 210
665 1393
666 1025
667 1505
668 1836
669 1175
670 755
671 1192
672 1012
673 658
674 1524
675 571
676 895
677 224
678 1766
679 1913
680 1651
681 391
682 1697
683 1756
684 1935
685 1638
686 353
687 1228
688 373
689 807
690 1741
691 1618
692 1844
693 433
694 180
695 1000
696 1158
697 1674
698 1349
699 27
700 258
701 154
702 1147
703 1010
704 623
705 1051
706 883
707 1881
708 791
709 316
710 1836
711 582
712 1123
713 804
714 1354
715 332
716 969
717 707
718 887
719 1902
720 574
721 964
722 1767
723 187
724 745
725 463
726 566
727 295
728 1686
729 1740
730 832
731 1675
732 1524
733 370
734 700
735 35
736 1964
737 1869
738 1062
739 437
740 350
741 1373
742 1560
743 1665
744 713
745 1579
746 420
747 1028
748 1271
749 311
750 1280
751 1271
752 1939
753 188
754 1359
755 852
756 392
757 325
758 1736
759 200
760 1527
761 458
762 1973
763 1572
764 980
765 546
766 1387
767 270
768 1902
769 428
770 560
771 500
772 1593
773 905
774 894
775 1664
776 1642
777 256
778 450
779 663
780 670
781 965
782 1313
783 828
784 711
785 1316
786 409
787 770
788 20
789 1847
790 1471
791 1150
792 812
793 967
794 1130
795 1562
796 1943
797 400
798 1002
799 742
800 1321
801 29
802 198
803 1626
804 1420
805 1282
806 226
807 710
808 1481
809 648
810 1785
811 1658
812 322
813 1506
814 349
815 1825
816 1711
817 575
818 136
819 1096
820 1699
821 1449
822 1597
823 941
824 682
825 1066
826 1008
827 947
828 594
829 1886
830 607
831 977
832 1618
833 19
834 1836
835 122
836 1243
837 492
838 824
839 455
840 1978
841 662
842 1085
843 384
844 1879
845 194
846 1320
847 299
848 686
849 1633
850 385
851 91
852 871
853 1902
854 1688
855 89
856 772
857 1812
858 302
859 272
860 919
861 800
862 1277
863 322
864 1597
865 466
866 1397
867 1848
868 1482
869 1053
870 1636
871 1751
872 1618
873 558
874 1985
875 110
876 1265
877 1449
878 1046
879 396
880 1625
881 478
882 1303
883 1310
884 1622
885 1979
886 1651
887 1510
888 367
889 1595
890 1686
891 983
892 843
893 1404
894 1976
895 141
896 1772
897 1982
898 1078
899 1610
900 637
901 920
902 971
903 1930
904 516
905 516
906 1962
907 200
908 1252
909 746
910 827
911 1705
912 739
913 1051
914 288
915 1062
916 834
917 196
918 594
919 744
920 1374
921 1826
922 1197
923 1532
924 1585
925 1508
926 148
927 1622
928 486
929 1932
930 547
931 1185
932 760
933 800
934 47
935 1988
936 405
937 509
938 76
939 961
940 1828
941 1019
942 1963
943 1591
944 1520
945 1483
946 141
947 823
948 480
949 1980
950 1769
951 1443
952 837
953 574
954 1030
955 1458
956 1375
957 350
958 262
959 801
960 956
961 847
962 863
963 1715
964 1022
965 1354
966 726
967 1737
968 1896
969 1132
970 938
971 1933
972 1941
973 1678
974 11
975 712
976 1301
977 1794
978 853
979 1636
980 1636
981 345
982 477
983 1627
984 1753
985 1697
986 1366
987 766
988 280
989 348
990 128
991 146
992 852
993 1228
994 927
995 964
996 37
997 666
998 531
999 141
1000 481

1000
0 925
1 29
2 1579
3 156
4 1989
5 591
6 1984
7 143
8 1261
9 1382
10 1564
11 1737
12 1414
13 43
14 1430
15 1815
16 1208
17 1772
18 1485
19 202
20 1083
21 645
22 301
23 852
24 451
25 1339
26 906
27 1566
28 617
29 1269
30 25
31 1337
32 52
33 631
34 446
35 623
36 310
37 1868
38 1008
39 373
40 1426
41 127
42 857
43 912
44 1324
45 982
46 1226
47 880
48 1289
49 1148
50 235
51 1342
52 1349
53 1834
54 1263
55 1053
56 372
57 417
58 838
59 1168
60 1328
61 822
62 636
63 1656
64 513
65 554
66 798
67 1624
68 346
69 645
70 1453
71 215
72 688
73 335
74 1692
75 65
76 1494
77 1306
78 1236
79 91
80 755
81 591
82 86
83 1745
84 37
85 1364
86 1664
87 141
88 79
89 839
90 1353
91 1718
92 430
93 250
94 1510
95 115
96 1657
97 523
98 1295
99 330
100 1191
101 1534
102 140
103 1850
104 1322
105 1545
106 1736
107 673
108 1001
109 1756
110 856
111 1771
112 651
113 1195
114 629
115 1096
116 1375
117 1033
118 52
119 280
120 1737
121 1538
122 1879
123 1877
124 839
125 1478
126 1565
127 557
128 1089
129 1149
130 772
131 251
132 671
133 555
134 719
135 1425
136 1780
137 1346
138 674
139 1380
140 1128
141 206
142 1210
143 1204
144 1332
145 577
146 1450
147 1751
148 1335
149 972
150 1376
151 145
152 773
153 1606
154 630
155 561
156 1278
157 1884
158 1492
159 619
160 1069
161 517
162 98
163 1981
164 983
165 1681
166 795
167 433
168 1427
169 1006
170 894
171 638
172 1113
173 518
174 958
175 1963
176 467
177 1880
178 1609
179 402
180 1408
181 33
182 1030
183 1516
184 295
185 1095
186 1383
187 1966
188 1193
189 1570
190 1246
191 1968
192 623
193 87
194 1884
195 486
196 1362
197 1874
198 1077
199 93
200 1978
201 368
202 1951
203 1043
204 254
205 807
206 88
207 691
208 122
209 690
210 1159
211 972
212 1967
213 764
214 1291
215 734
216 996
217 1160
218 1089
219 624
220 330
221 971
222 1713
223 1152
224 1661
225 279
226 1639
227 168
228 1590
229 1860
230 1823
231 1513
232 381
233 285
234 1577
235 503
236 92
237 1429
238 1853
239 833
240 1711
241 1860
242 1144
243 315
244 1032
245 194
246 996
247 250
248 367
249 894
250 677
251 779
252 966
253 1323
254 256
255 416
256 1610
257 1800
258 758
259 8
260 645
261 330
262 398
263 730
264 881
265 665
266 113
267 46
268 471
269 1924
270 335
271 1576
272 1317
273 497
274 351
275 1954
276 494
277 853
278 771
279 1268
280 1164
281 1388
282 682
283 499
284 1392
285 1942
286 1983
287 1123
288 186
289 1471
290 974
291 602
292 1732
293 1176
294 343
295 1763
296 280
297 1591
298 891
299 219
300 1794
301 728
302 1219
303 1388
304 289
305 734
306 1008
307 1812
308 935
309 1499
310 1406
311 721
312 239
313 1431
314 1489
315 1755
316 270
317 1536
318 193
319 910
320 562
321 1087
322 402
323 562
324 1159
325 275
326 492
327 89
328 1096
329 1932
330 42
331 1428
332 1523
333 1013
334 1838
335 1714
336 1509
337 1135
338 417
339 1862
340 1541
341 775
342 119
343 1812
344 397
345 659
346 49
347 1833
348 370
349 1502
350 1708
351 148
352 308
353 781
354 919
355 1524
356 641
357 125
358 1859
359 1055
360 1685
361 556
362 1203
363 1451
364 1676
365 1664
366 1010
367 1837
368 231
369 823
370 1171
371 829
372 1677
373 333
374 676
375 178
376 1785
377 1172
378 1788
379 1055
380 1537
381 323
382 1859
383 1673
384 1815
385 125
386 801
387 404
388 1704
389 860
390 1726
391 601
392 945
393 330
394 937
395 310
396 1410
397 1548
398 628
399 162
400 1643
401 1899
402 140
403 571
404 498
405 1489
406 1991
407 446
408 1367
409 1901
410 1702
411 658
412 799
413 882
414 1530
415 1586
416 1868
417 674
418 915
419 1077
420 1614
421 1346
422 339
423 108
424 1666
425 251
426 816
427 1367
428 712
429 685
430 217
431 644
432 51
433 1391
434 1568
435 693
436 330
437 1575
438 1990
439 1469
440 763
441 258
442 180
443 167
444 1343
445 1825
446 453
447 610
448 1785
449 1201
450 177
451 253
452 1304
453 1013
454 1268
455 1419
456 1371
457 482
458 574
459 371
460 1524
461 135
462 755
463 1639
464 1637
465 1271
466 1986
467 607
468 327
469 1700
470 1955
471 306
472 1930
473 1129
474 234
475 1264
476 887
477 308
478 1736
479 526
480 1409
481 238
482 1392
483 1006
484 1529
485 1880
486 967
487 1531
488 641
489 229
490 148
491 1326
492 456
493 1598
494 1960
495 1680
496 932
497 1062
498 1255
499 637
500 606
501 90
502 372
503 65
504 1559
505 84
506 171
507 114
508 313
509 1725
510 1335
511 1273
512 712
513 140
514 1172
515 270
516 1127
517 384
518 591
519 623
520 934
521 1333
522 809
523 1116
524 457
525 198
526 1178
527 1186
528 869
529 384
530 2
531 1411
532 547
533 143
534 1019
535 1423
536 855
537 1704
538 27
539 401
540 410
541 369
542 422
543 1847
544 1859
545 1760
546 944
547 1743
548 580
549 1039
550 287
551 1883
552 704
553 1545
554 927
555 1905
556 427
557 292
558 671
559 1698
560 202
561 1163
562 8
563 1813
564 1434
565 758
566 1262
567 479
568 956
569 1416
570 383
571 240
572 1821
573 1653
574 457
575 1853
576 1684
577 1214
578 1224
579 534
580 1669
581 1787
582 1421
583 1380
584 195
585 1267
586 122
587 1233
588 258
589 443
590 1113
591 99
592 1561
593 1881
594 1229
595 166
596 214
597 1731
598 128
599 1941
600 1164
601 89
602 1643
603 1221
604 1688
605 1724
606 1972
607 1678
608 1473
609 217
610 34
611 1687
612 206
613 1654
614 1484
615 1597
616 881
617 1272
618 1951
619 0
620 993
621 1311
622 414
623 1306
624 997
625 558
626 356
627 1868
628 316
629 1786
630 933
631 1110
632 810
633 847
634 1698
635 1779
636 669
637 650
638 539
639 1327
640 558
641 502
642 927
643 1142
644 258
645 86
646 479
647 91
648 1712
649 1548
650 129
651 625
652 1357
653 1652
654 49
655 297
656 147
657 256
658 833
659 121
660 1328
661 608
662 1808
663 1781
664 1451
665 1581
666 409
667 1421
668 1249
669 1587
670 1154
671 579
672 158
673 1449
674 933
675 471
676 1111
677 14
678 1756
679 273
680 931
681 162
682 949
683 1674
684 346
685 750
686 949
687 967
688 966
689 929
690 1001
691 195
692 1270
693 1511
694 423
695 247
696 242
697 744
698 1651
699 1273
700 1016
701 1163
702 270
703 511
704 1508
705 1221
706 584
707 862
708 63
709 1410
710 1606
711 963
712 831
713 559
714 63
715 893
716 1356
717 1329
718 1024
719 1605
720 834
721 1829
722 1695
723 60
724 450
725 1173
726 141
727 1327
728 691
729 836
730 165
731 1593
732 1334
733 310
734 721
735 934
736 823
737 639
738 907
739 655
740 319
741 1879
742 1665
743 422
744 1478
745 870
746 978
747 847
748 1798
749 1121
750 469
751 1210
752 1643
753 1073
754 680
755 329
756 359
757 941
758 134
759 1330
760 130
761 468
762 1986
763 1618
764 1230
765 441
766 1120
767 492
768 72
769 555
770 35
771 1053
772 1659
773 559
774 321
775 1389
776 94
777 716
778 1458
779 1301
780 1774
781 1267
782 119
783 1831
784 438
785 217
786 1368
787 334
788 1818
789 259
790 1286
791 1267
792 84
793 477
794 1791
795 1545
796 437
797 1351
798 31
799 198
800 1181
801 316
802 436
803 574
804 1958
805 704
806 1386
807 1773
808 1050
809 1205
810 1748
811 1969
812 230
813 1610
814 188
815 338
816 150
817 721
818 706
819 1263
820 623
821 971
822 1697
823 1478
824 1243
825 1907
826 287
827 960
828 943
829 1187
830 1315
831 455
832 1577
833 919
834 1392
835 1908
836 325
837 1692
838 128
839 233
840 1743
841 1588
842 348
843 1080
844 1362
845 1066
846 151
847 222
848 127
849 236
850 75
851 1568
852 1146
853 1386
854 1275
855 512
856 1694
857 505
858 535
859 1884
860 1232
861 1316
862 1422
863 1875
864 1744
865 303
866 702
867 453
868 604
869 425
870 1287
871 710
872 1216
873 767
874 1149
875 62
876 1320
877 1111
878 556
879 1520
880 1926
881 543
882 54
883 1541
884 622
885 1218
886 280
887 580
888 94
889 1220
890 1707
891 1905
892 1019
893 539
894 1525
895 287
896 951
897 858
898 96
899 1731
900 735
901 1210
902 1491
903 551
904 1121
905 631
906 588
907 1815
908 682
909 581
910 1743
911 779
912 1725
913 494
914 1608
915 513
916 1264
917 409
918 12
919 455
920 1409
921 23
922 1197
923 162
924 1990
925 1165
926 765
927 238
928 625
929 1194
930 810
931 1187
932 482
933 916
934 1192
935 992
936 1910
937 723
938 156
939 38
940 414
941 1129
942 1428
943 84
944 362
945 252
946 788
947 1930
948 1892
949 2
950 1691
951 1996
952 1002
953 88
954 772
955 597
956 547
957 1247
958 200
959 581
960 1090
961 835
962 65
963 1465
964 1368
965 729
966 1482
967 1590
968 1940
969 1781
970 226
971 1329
972 1830
973 1509
974 1551
975 829
976 689
977 414
978 1503
979 1874
980 446
981 1601
982 889
983 1063
984 1165
985 473
986 1986
987 1229
988 1975
989 1379
990 604
991 1719
992 767
993 826
994 393
995 1225
996 630
997 831
998 1597
999 1372
1000 398

1000
0 776
1 656
2 90
3 742
4 431
5 754
6 861
7 1622
8 67
9 1736
10 542
11 788
12 135
13 991
14 1080
15 1877
16 1085
17 383
18 1951
19 1780
20 1844
21 223
22 1437
23 122
24 1946
25 1171
26 1576
27 476
28 1190
29 101
30 941
31 1134
32 1115
33 1122
34 555
35 1270
36 1930
37 1611
38 558
39 331
40 599
41 1723
42 694
43 1659
44 1957
45 1113
46 115
47 1484
48 929
49 1619
50 895
51 90
52 24
53 570
54 681
55 1183
56 646
57 1165
58 185
59 1393
60 1564
61 78
62 117
63 1990
64 1245
65 624
66 607
67 146
68 229
69 1314
70 376
71 1633
72 1927
73 885
74 166
75 624
76 1249
77 1465
78 1261
79 1893
80 1486
81 678
82 1772
83 751
84 952
85 1526
86 1751
87 679
88 1415
89 1040
90 301
91 710
92 635
93 655
94 517
95 1761
96 242
97 657
98 154
99 848
100 358
101 1259
102 1696
103 1020
104 806
105 986
106 1681
107 1094
108 1263
109 308
110 1753
111 1492
112 455
113 813
114 954
115 54
116 1334
117 246
118 1261
119 199
120 290
121 431
122 278
123 1599
124 1941
125 973
126 322
127 1557
128 797
129 1287
130 256
131 658
132 1776
133 1482
134 1577
135 673
136 1609
137 1741
138 541
139 866
140 1075
141 1710
142 380
143 1069
144 641
145 1899
146 1533
147 452
148 1704
149 653
150 798
151 722
152 634
153 527
154 393
155 1631
156 1408
157 1292
158 1856
159 1941
160 755
161 614
162 1989
163 829
164 55
165 1763
166 1112
167 1682
168 948
169 450
170 125
171 1112
172 770
173 1212
174 1673
175 1125
176 832
177 1941
178 1449
179 61
180 1521
181 385
182 847
183 1020
184 628
185 1523
186 1674
187 236
188 767
189 177
190 1489
191 1558
192 1320
193 1668
194 173
195 165
196 1391
197 1995
198 1360
199 1366
200 362
201 734
202 389
203 587
204 622
205 1984
206 1764
207 1503
208 616
209 1854
210 818
211 1189
212 966
213 277
214 371
215 1337
216 1492
217 1280
218 1102
219 1127
220 134
221 1198
222 1452
223 746
224 1983
225 1234
226 1819
227 1261
228 1068
229 1412
230 805
231 1486
232 1008
233 1157
234 808
235 1729
236 221
237 832
238 1762
239 1856
240 1996
241 763
242 1003
243 207
244 649
245 205
246 1071
247 557
248 1918
249 1833
250 758
251 1047
252 1305
253 985
254 402
255 1495
256 1885
257 134
258 869
259 395
260 1347
261 739
262 748
263 1104
264 762
265 1786
266 1963
267 204
268 1346
269 1038
270 806
271 186
272 241
273 336
274 1242
275 1632
276 1071
277 1581
278 1302
279 653
280 421
281 51
282 1353
283 1471
284 557
285 436
286 1065
287 849
288 1781
289 372
290 685
291 1841
292 1062
293 141
294 1272
295 95
296 860
297 1810
298 1571
299 113
300 1137
301 1168
302 277
303 1523
304 602
305 1279
306 529
307 364
308 1885
309 1144
310 1964
311 1324
312 1661
313 962
314 522
315 1570
316 1700
317 1045
318 1941
319 1130
320 669
321 1375
322 856
323 548
324 187
325 1956
326 798
327 703
328 1769
329 384
330 562
331 883
332 1262
333 1656
334 626
335 1967
336 252
337 767
338 837
339 487
340 198
341 356
342 406
343 1455
344 1740
345 281
346 429
347 1093
348 1700
349 1326
350 1720
351 88
352 1143
353 172
354 219
355 1703
356 213
357 782
358 801
359 1541
360 1893
361 1369
362 1149
363 632
364 669
365 1836
366 1842
367 512
368 1275
369 834
370 1355
371 1413
372 798
373 1956
374 888
375 1337
376 292
377 332
378 1925
379 252
380 1600
381 949
382 9
383 1150
384 711
385 62
386 1592
387 80
388 1496
389 925
390 1877
391 435
392 694
393 576
394 1400
395 402
396 211
397 30
398 1112
399 1068
400 522
401 652
402 1461
403 1641
404 713
405 604
406 820
407 1838
408 1674
409 1984
410 360
411 587
412 364
413 140
414 985
415 545
416 770
417 650
418 164
419 609
420 1960
421 967
422 271
423 1136
424 1918
425 1034
426 1335
427 278
428 387
429 676
430 360
431 374
432 286
433 722
434 1560
435 1384
436 395
437 1280
438 1328
439 450
440 1
441 553
442 1816
443 1317
444 508
445 1977
446 1262
447 1348
448 1308
449 947
450 1571
451 1103
452 633
453 1694
454 450
455 1693
456 1377
457 170
458 1646
459 376
460 1200
461 641
462 519
463 578
464 315
465 696
466 1464
467 1766
468 1721
469 1396
470 656
471 1465
472 110
473 922
474 1722
475 192
476 1813
477 1007
478 796
479 1227
480 329
481 782
482 1753
483 910
484 1728
485 904
486 35
487 816
488 1429
489 1013
490 1936
491 652
492 1952
493 1496
494 248
495 1013
496 1924
497 65
498 1225
499 1927
500 1189
501 796
502 710
503 200
504 1893
505 1319
506 115
507 1710
508 1529
509 161
510 1749
511 170
512 1004
513 814
514 506
515 993
516 848
517 1943
518 885
519 1196
520 1628
521 1902
522 771
523 645
524 790
525 1935
526 1519
527 34
528 286
529 130
530 1518
531 830
532 885
533 764
534 1513
535 1346
536 441
537 198
538 805
539 1139
540 1502
541 485
542 432
543 965
544 842
545 1320
546 569
547 910
548 909
549 753
550 540
551 1397
552 218
553 1386
554 762
555 1096
556 1495
557 617
558 465
559 1245
560 349
561 238
562 589
563 976
564 1468
565 681
566 1722
567 556
568 1807
569 1656
570 1557
571 133
572 1543
573 318
574 1518
575 961
576 102
577 1936
578 300
579 727
580 1723
581 888
582 1709
583 1887
584 1685
585 108
586 56
587 681
588 261
589 90
590 978
591 842
592 916
593 954
594 873
595 578
596 446
597 37
598 1663
599 1912
600 1850
601 1603
602 279
603 502
604 1480
605 592
606 1941
607 577
608 1302
609 1704
610 341
611 545
612 702
613 1634
614 1276
615 575
616 1119
617 1993
618 162
619 1324
620 294
621 677
622 276
623 158
624 488
625 681
626 1941
627 933
628 1775
629 1045
630 1836
631 284
632 480
633 827
634 702
635 1467
636 533
637 175
638 841
639 394
640 779
641 551
642 1178
643 1552
644 1114
645 210
646 539
647 968
648 76
649 69
650 173
651 1445
652 524
653 1680
654 1933
655 44
656 1501
657 1440
658 1238
659 1568
660 980
661 1549
662 36
663 1324
664 979
665 1507
666 544
667 712
668 1346
669 142
670 1405
671 1694
672 1004
673 1999
674 573
675 1031
676 276
677 364
678 32
679 415
680 1250
681 883
682 1083
683 967
684 493
685 62
686 161
687 1737
688 1958
689 1042
690 433
691 565
692 63
693 1345
694 683
695 1882
696 1543
697 512
698 1856
699 1393
700 1828
701 227
702 1477
703 1939
704 587
705 1909
706 3
707 1851
708 1534
709 947
710 1567
711 262
712 850
713 1560
714 1457
715 263
716 764
717 1043
718 851
719 743
720 888
721 1604
722 280
723 1129
724 1478
725 1750
726 278
727 1020
728 738
729 613
730 1985
731 938
732 1885
733 1361
734 534
735 1341
736 1037
737 332
738 976
739 16
740 1486
741 749
742 267
743 579
744 1827
745 263
746 483
747 969
748 1150
749 179
750 1991
751 508
752 247
753 569
754 848
755 1120
756 348
757 462
758 1176
759 709
760 1269
761 1543
762 249
763 870
764 1955
765 748
766 835
767 366
768 1573
769 1864
770 937
771 698
772 1799
773 1197
774 664
775 1370
776 1719
777 20
778 21
779 625
780 1525
781 1586
782 722
783 1563
784 1702
785 1126
786 381
787 1278
788 341
789 142
790 565
791 553
792 391
793 618
794 266
795 1482
796 441
797 456
798 352
799 940
800 1032
801 414
802 463
803 1757
804 1101
805 503
806 891
807 1885
808 1587
809 1828
810 1211
811 1186
812 1526
813 468
814 823
815 1641
816 458
817 78
818 1059
819 183
820 37
821 1579
822 1874
823 1853
824 394
825 1905
826 1433
827 938
828 1411
829 1465
830 114
831 90
832 1018
833 690
834 409
835 780
836 292
837 1071
838 1639
839 674
840 1115
841 171
842 904
843 1473
844 1878
845 29
846 491
847 1144
848 663
849 1350
850 790
851 1086
852 225
853 919
854 435
855 1556
856 1955
857 960
858 1226
859 1577
860 965
861 1235
862 380
863 1420
864 127
865 1991
866 1514
867 1036
868 1105
869 953
870 1456
871 1356
872 66
873 892
874 1954
875 1378
876 1320
877 1393
878 545
879 1006
880 560
881 1762
882 1801
883 776
884 59
885 440
886 1226
887 34
888 278
889 1996
890 641
891 1485
892 692
893 1450
894 531
895 1495
896 378
897 258
898 1126
899 241
900 198
901 1385
902 219
903 1855
904 397
905 764
906 1899
907 121
908 1984
909 1668
910 1981
911 1423
912 522
913 1381
914 434
915 1833
916 265
917 1376
918 1470
919 1212
920 454
921 489
922 1762
923 1368
924 1442
925 562
926 138
927 1342
928 1295
929 1942
930 640
931 815
932 1097
933 483
934 124
935 416
936 1311
937 1886
938 937
939 746
940 1666
941 1034
942 1844
943 1213
944 713
945 1443
946 1603
947 1749
948 1309
949 53
950 704
951 996
952 1256
953 1050
954 1409
955 1759
956 1477
957 160
958 1046
959 165
960 1844
961 24
962 1454
963 378
964 125
965 91
966 133
967 130
968 142
969 1783
970 1342
971 1832
972 434
973 1015
974 553
975 1710
976 912
977 1905
978 482
979 1551
980 749
981 665
982 1014
983 640
984 735
985 1795
986 1026
987 118
988 1648
989 262
990 1098
991 1233
992 1195
993 1963
994 226
995 1141
996 1366
997 69
998 669
999 1657
1000 875

1000
0 920
1 0
2 1771
3 1268
4 1771
5 1016
6 1642
7 1189
8 1561
9 1415
10 1078
11 755
12 1965
13 1090
14 309
15 343
16 1975
17 100
18 149
19 486
20 341
21 89
22 280
23 416
24 765
25 1783
26 1293
27 1222
28 1655
29 1317
30 1514
31 677
32 375
33 1369
34 1301
35 787
36 1543
37 1009
38 1538
39 1717
40 644
41 1277
42 775
43 1978
44 639
45 1991
46 603
47 1416
48 580
49 1345
50 1020
51 1713
52 1767
53 1482
54 1968
55 145
56 1898
57 396
58 36
59 1575
60 843
61 165
62 1488
63 14
64 730
65 879
66 1467
67 1639
68 1161
69 1006
70 1003
71 404
72 380
73 1942
74 1236
75 1827
76 1167
77 967
78 290
79 1541
80 647
81 406
82 1394
83 1722
84 224
85 1145
86 618
87 1051
88 438
89 1710
90 633
91 564
92 1872
93 1960
94 329
95 1932
96 230
97 536
98 1009
99 1138
100 1107
101 1700
102 199
103 1814
104 1701
105 822
106 1411
107 49
108 193
109 708
110 590
111 1457
112 884
113 423
114 1593
115 741
116 277
117 1978
118 1626
119 178
120 326
121 657
122 1665
123 1568
124 1657
125 1619
126 1306
127 1540
128 94
129 262
130 907
131 842
132 106
133 1414
134 1596
135 1662
136 36
137 1681
138 1078
139 375
140 1386
141 834
142 1828
143 1169
144 1360
145 1208
146 1158
147 662
148 1512
149 1714
150 5
151 1321
152 189
153 489
154 1569
155 510
156 521
157 1514
158 629
159 569
160 519
161 878
162 156
163 49
164 1363
165 1704
166 653
167 337
168 1053
169 59
170 2
171 299
172 940
173 1173
174 1575
175 793
176 1055
177 508
178 349
179 1154
180 142
181 612
182 686
183 1189
184 304
185 298
186 298
187 1300
188 486
189 79
190 960
191 1072
192 772
193 1860
194 569
195 1101
196 1904
197 1375
198 1903
199 35
200 883
201 760
202 139
203 1456
204 460
205 274
206 1307
207 1229
208 1940
209 1657
210 50
211 587
212 1788
213 1076
214 1721
215 665
216 482
217 567
218 611
219 1254
220 675
221 329
222 1135
223 1757
224 1770
225 524
226 1830
227 50
228 1334
229 734
230 20
231 967
232 186
233 987
234 1572
235 1723
236 942
237 1549
238 84
239 1184
240 707
241 273
242 488
243 1031
244 1876
245 1719
246 1146
247 538
248 584
249 1526
250 95
251 790
252 852
253 89
254 1604
255 1107
256 1932
257 1866
258 871
259 418
260 746
261 1098
262 1346
263 1410
264 103
265 122
266 1859
267 734
268 1671
269 1945
270 1911
271 854
272 1602
273 1706
274 1668
275 409
276 1948
277 752
278 390
279 1740
280 901
281 1161
282 353
283 1466
284 1020
285 1557
286 1877
287 1719
288 111
289 898
290 1152
291 1154
292 1038
293 998
294 877
295 1543
296 638
297 679
298 1210
299 767
300 793
301 1194
302 711
303 1845
304 1026
305 1766
306 1898
307 5
308 1910
309 1476
310 1936
311 994
312 1054
313 1926
314 1054
315 164
316 433
317 1409
318 1317
319 1197
320 615
321 104
322 964
323 1447
324 344
325 1526
326 167
327 1468
328 578
329 1560
330 1214
331 1633
332 1994
333 644
334 1928
335 1375
336 1145
337 314
338 1438
339 911
340 88
341 278
342 1996
343 738
344 39
345 1695
346 1834
347 794
348 790
349 688
350 1465
351 1785
352 1783
353 96
354 1880
355 436
356 618
357 1791
358 1414
359 1379
360 312
361 239
362 1858
363 1639
364 492
365 1612
366 1391
367 265
368 651
369 1194
370 259
371 763
372 756
373 1307
374 622
375 333
376 1619
377 937
378 1896
379 1439
380 31
381 1014
382 1955
383 686
384 531
385 1277
386 1392
387 1069
388 874
389 804
390 1981
391 1680
392 1011
393 545
394 796
395 568
396 1492
397 1782
398 1615
399 1686
400 1131
401 682
402 447
403 1886
404 288
405 134
406 1995
407 970
408 406
409 264
410 638
411 439
412 768
413 935
414 905
415 288
416 688
417 1173
418 880
419 166
420 43
421 186
422 1569
423 1480
424 1768
425 322
426 1150
427 1061
428 71
429 309
430 1964
431 619
432 126
433 1086
434 1412
435 1130
436 1727
437 795
438 390
439 203
440 565
441 1248
442 1262
443 1671
444 1213
445 1528
446 1247
447 1781
448 594
449 1946
450 1771
451 1443
452 1072
453 1652
454 1012
455 575
456 1210
457 86
458 269
459 1683
460 695
461 1325
462 1786
463 316
464 839
465 874
466 1047
467 1957
468 324
469 639
470 564
471 421
472 740
473 789
474 1901
475 1473
476 1562
477 1789
478 1287
479 447
480 1196
481 401
482 198
483 1800
484 655
485 502
486 1948
487 857
488 606
489 1217
490 669
491 1687
492 1242
493 1907
494 926
495 1468
496 1259
497 1010
498 1339
499 802
500 213
501 917
502 983
503 715
504 1494
505 1931
506 62
507 1371
508 1691
509 105
510 167
511 1522
512 706
513 1710
514 1621
515 458
516 1595
517 117
518 1885
519 1097
520 1799
521 1143
522 977
523 851
524 1699
525 90
526 1803
527 1328
528 1678
529 1225
530 1814
531 725
532 1573
533 113
534 773
535 562
536 1791
537 118
538 711
539 1831
540 1028
541 1984
542 482
543 84
544 218
545 1029
546 412
547 411
548 1047
549 580
550 1193
551 452
552 986
553 1003
554 1663
555 333
556 1605
557 886
558 1221
559 940
560 1987
561 1093
562 714
563 307
564 695
565 1016
566 801
567 1726
568 1989
569 1770
570 1914
571 1019
572 313
573 567
574 508
575 1735
576 357
577 250
578 463
579 1441
580 1049
581 776
582 326
583 45
584 1323
585 1011
586 169
587 584
588 886
589 460
590 1985
591 1971
592 1374
593 1144
594 1436
595 1934
596 1601
597 302
598 720
599 1618
600 809
601 298
602 1052
603 922
604 719
605 1281
606 298
607 31
608 1017
609 1713
610 881
611 383
612 436
613 260
614 727
615 570
616 1485
617 50
618 1780
619 1576
620 1768
621 415
622 1057
623 1306
624 964
625 1976
626 1407
627 1804
628 438
629 677
630 1669
631 307
632 1778
633 924
634 17
635 1305
636 1912
637 930
638 431
639 1058
640 1178
641 686
642 1879
643 953
644 828
645 1548
646 1137
647 1724
648 1780
649 1803
650 1540
651 1858
652 449
653 964
654 1772
655 293
656 1096
657 1751
658 329
659 383
660 490
661 1299
662 228
663 261
664 449
665 98
666 1085
667 1738
668 1481
669 1151
670 1711
671 1682
672 283
673 693
674 805
675 132
676 1061
677 1589
678 886
679 154
680 789
681 1235
682 1660
683 504
684 84
685 1726
686 579
687 1639
688 255
689 858
690 1804
691 1277
692 321
693 524
694 513
695 795
696 637
697 673
698 243
699 867
700 1654
701 667
702 1151
703 1779
704 881
705 202
706 1791
707 1618
708 1906
709 1186
710 124
711 1798
712 1204
713 1950
714 1873
715 1904
716 933
717 1058
718 1612
719 1077
720 173
721 1797
722 221
723 1865
724 767
725 803
726 1393
727 1162
728 839
729 621
730 504
731 934
732 1028
733 1435
734 1138
735 1914
736 1055
737 512
738 1768
739 1273
740 793
741 776
742 903
743 1573
744 1732
745 145
746 1735
747 493
748 536
749 1362
750 1561
751 914
752 1749
753 1868
754 1840
755 1511
756 472
757 1452
758 199
759 438
760 966
761 1962
762 656
763 361
764 1829
765 642
766 780
767 747
768 1882
769 1469
770 342
771 1036
772 1261
773 154
774 137
775 1114
776 665
777 1086
778 1410
779 211
780 1280
781 229
782 353
783 1524
784 444
785 19
786 1129
787 1308
788 383
789 268
790 279
791 290
792 908
793 1132
794 1999
795 1471
796 62
797 613
798 545
799 1418
800 566
801 1315
802 971
803 351
804 546
805 1277
806 1560
807 1370
808 105
809 1002
810 1462
811 726
812 355
813 1084
814 1205
815 493
816 725
817 398
818 843
819 810
820 1162
821 70
822 1381
823 1379
824 1517
825 615
826 184
827 380
828 372
829 311
830 374
831 1674
832 710
833 503
834 588
835 1494
836 492
837 996
838 1175
839 1385
840 1845
841 1144
842 774
843 1674
844 852
845 958
846 1899
847 769
848 1749
849 753
850 1820
851 535
852 829
853 1631
854 1414
855 1804
856 974
857 959
858 785
859 517
860 1081
861 172
862 1198
863 496
864 1102
865 333
866 188
867 757
868 111
869 163
870 1594
871 1339
872 276
873 1390
874 535
875 1203
876 791
877 940
878 246
879 341
880 687
881 1183
882 46
883 1686
884 1914
885 1050
886 1277
887 371
888 1554
889 1112
890 444
891 1580
892 1123
893 1833
894 1357
895 816
896 1859
897 265
898 673
899 0
900 1359
901 799
902 710
903 835
904 695
905 1183
906 349
907 294
908 352
909 348
910 1482
911 333
912 456
913 1758
914 1317
915 939
916 742
917 1291
918 478
919 826
920 1902
921 1142
922 1293
923 263
924 1268
925 1057
926 1943
927 1917
928 617
929 1823
930 1181
931 1468
932 1857
933 91
934 526
935 389
936 421
937 718
938 1596
939 86
940 83
941 993
942 92
943 397
944 515
945 1520
946 599
947 1162
948 1029
949 39
950 1582
951 1285
952 1350
953 572
954 1290
955 1945
956 178
957 40
958 1393
959 1804
960 323
961 579
962 341
963 1932
964 583
965 219
966 1510
967 1111
968 1535
969 1009
970 440
971 38
972 260
973 208
974 1791
975 168
976 1477
977 843
978 134
979 1303
980 443
981 305
982 976
983 745
984 925
985 1103
986 1126
987 598
988 767
989 1971
990 1838
991 784
992 709
993 1913
994 1884
995 787
996 870
997 196
998 1347
999 395
1000 316

1000
0 1008
1 1754
2 159
3 1847
4 1022
5 1390
6 1170
7 137
8 1178
9 1469
10 65
11 1331
12 331
13 844
14 942
15 1389
16 862
17 1620
18 790
19 1559
20 1104
21 1909
22 771
23 462
24 1013
25 250
26 478
27 1261
28 1575
29 408
30 1230
31 768
32 591
33 1041
34 1874
35 1028
36 1273
37 1253
38 214
39 363
40 807
41 1432
42 1813
43 1916
44 1925
45 878
46 1212
47 150
48 292
49 258
50 439
51 1236
52 1189
53 6
54 650
55 796
56 1075
57 85
58 1886
59 1090
60 637
61 1908
62 454
63 634
64 1711
65 487
66 1292
67 843
68 1613
69 1553
70 605
71 1870
72 220
73 355
74 510
75 1974
76 60
77 197
78 298
79 361
80 597
81 658
82 377
83 1628
84 876
85 733
86 62
87 1726
88 1555
89 226
90 93
91 1147
92 987
93 88
94 135
95 1600
96 982
97 1090
98 899
99 30
100 813
101 1508
102 459
103 1735
104 1563
105 115
106 1456
107 1974
108 756
109 1061
110 107
111 1835
112 102
113 504
114 1794
115 884
116 1354
117 1071
118 163
119 999
120 151
121 934
122 783
123 747
124 1236
125 790
126 1190
127 1751
128 1751
129 1828
130 843
131 642
132 1566
133 868
134 435
135 1178
136 1097
137 1932
138 1296
139 1936
140 18
141 835
142 724
143 1552
144 1435
145 1384
146 1733
147 126
148 1923
149 1102
150 1292
151 220
152 1060
153 1189
154 1513
155 536
156 1820
157 420
158 182
159 818
160 741
161 370
162 1782
163 1195
164 819
165 869
166 442
167 1625
168 794
169 785
170 0
171 1240
172 138
173 866
174 1769
175 923
176 1592
177 1893
178 37
179 751
180 762
181 1856
182 1230
183 800
184 414
185 50
186 1085
187 1764
188 1895
189 725
190 1164
191 1254
192 1302
193 1328
194 633
195 750
196 1425
197 1945
198 132
199 1899
200 1362
201 1896
202 342
203 706
204 463
205 870
206 126
207 0
208 225
209 1444
210 713
211 1691
212 723
213 1160
214 140
215 1015
216 1449
217 1011
218 385
219 1445
220 906
221 1054
222 1500
223 550
224 716
225 722
226 1753
227 1277
228 75
229 838
230 1460
231 1058
232 1669
233 1331
234 773
235 1346
236 1509
237 1108
238 1718
239 1732
240 1034
241 1065
242 1746
243 455
244 1059
245 875
246 1803
247 455
248 1001
249 1258
250 1192
251 1230
252 873
253 1089
254 1242
255 71
256 364
257 571
258 1625
259 1661
260 1493
261 575
262 927
263 1090
264 1351
265 1159
266 1921
267 1517
268 1888
269 415
270 358
271 106
272 1494
273 312
274 629
275 1077
276 1229
277 1308
278 1071
279 1921
280 210
281 44
282 326
283 163
284 294
285 1637
286 953
287 1724
288 1946
289 1697
290 621
291 931
292 452
293 905
294 1289
295 1952
296 652
297 8
298 494
299 389
300 229
301 619
302 417
303 936
304 43
305 821
306 1415
307 1851
308 517
309 1007
310 1132
311 732
312 1831
313 908
314 127
315 1623
316 1608
317 1883
318 157
319 1610
320 314
321 1958
322 1321
323 769
324 1435
325 1127
326 949
327 1168
328 1319
329 1001
330 1376
331 991
332 856
333 220
334 1148
335 991
336 299
337 1619
338 874
339 1371
340 1392
341 1384
342 1941
343 58
344 238
345 1120
346 39
347 624
348 1888
349 1896
350 700
351 100
352 848
353 1854
354 1921
355 77
356 1087
357 685
358 1064
359 485
360 1918
361 400
362 1036
363 159
364 1628
365 1399
366 363
367 1669
368 1580
369 1319
370 1956
371 10
372 1249
373 1308
374 462
375 1183
376 1433
377 1802
378 995
379 1057
380 884
381 1953
382 1192
383 1599
384 16
385 1935
386 778
387 1881
388 1715
389 495
390 1382
391 1316
392 1491
393 1487
394 1812
395 1354
396 1317
397 1935
398 113
399 414
400 1616
401 293
402 584
403 1949
404 1901
405 1230
406 1261
407 1936
408 1054
409 1983
410 422
411 1646
412 1000
413 153
414 1798
415 974
416 958
417 859
418 982
419 1227
420 43
421 866
422 1906
423 1248
424 572
425 939
426 1518
427 1330
428 663
429 920
430 787
431 317
432 156
433 1617
434 106
435 390
436 1223
437 450
438 1476
439 1440
440 1439
441 1203
442 68
443 555
444 366
445 1333
446 1273
447 486
448 957
449 1607
450 779
451 949
452 1964
453 856
454 1425
455 862
456 1611
457 551
458 285
459 1901
460 1911
461 1863
462 1445
463 1367
464 1476
465 1182
466 1087
467 987
468 532
469 989
470 392
471 1860
472 929
473 1113
474 913
475 828
476 1405
477 280
478 934
479 331
480 291
481 1543
482 956
483 1373
484 1129
485 584
486 1623
487 1617
488 405
489 1097
490 1653
491 269
492 1561
493 47
494 330
495 95
496 716
497 98
498 1449
499 1039
500 1543
501 1409
502 572
503 1424
504 1640
505 695
506 1009
507 1765
508 1286
509 1525
510 1233
511 1920
512 722
513 607
514 1021
515 1765
516 247
517 851
518 519
519 46
520 1870
521 1539
522 906
523 328
524 1824
525 1284
526 1511
527 1706
528 1128
529 959
530 1854
531 1125
532 468
533 1845
534 1813
535 887
536 168
537 927
538 536
539 1258
540 719
541 1331
542 1613
543 1481
544 912
545 66
546 466
547 1139
548 1977
549 303
550 566
551 552
552 234
553 1082
554 1073
555 528
556 832
557 1162
558 160
559 955
560 1964
561 186
562 593
563 1827
564 400
565 1434
566 1607
567 1997
568 309
569 1670
570 602
571 1823
572 748
573 1187
574 623
575 1915
576 63
577 118
578 816
579 922
580 1715
581 1567
582 295
583 980
584 1341
585 466
586 860
587 1787
588 1902
589 1798
590 1608
591 919
592 348
593 806
594 1958
595 860
596 1774
597 854
598 309
599 1048
600 467
601 239
602 556
603 1592
604 576
605 683
606 1659
607 1690
608 1412
609 621
610 1353
611 1085
612 1386
613 551
614 1456
615 789
616 1723
617 1855
618 1329
619 651
620 845
621 1323
622 1524
623 753
624 715
625 841
626 721
627 835
628 178
629 203
630 1524
631 1353
632 374
633 656
634 1041
635 889
636 943
637 1070
638 1204
639 809
640 1491
641 571
642 1987
643 274
644 529
645 27
646 866
647 944
648 375
649 1028
650 147
651 630
652 1041
653 1229
654 1144
655 750
656 719
657 373
658 1606
659 734
660 833
661 1152
662 1656
663 486
664 1314
665 1531
666 157
667 1638
668 1582
669 545
670 223
671 525
672 768
673 1062
674 1201
675 444
676 1229
677 1088
678 356
679 1112
680 359
681 998
682 1158
683 1135
684 319
685 1857
686 1399
687 626
688 810
689 1503
690 1001
691 464
692 526
693 326
694 212
695 659
696 1322
697 1333
698 1828
699 131
700 1632
701 1638
702 880
703 1657
704 175
705 1792
706 1623
707 671
708 449
709 521
710 1304
711 114
712 157
713 393
714 958
715 1289
716 74
717 1978
718 566
719 272
720 530
721 1115
722 127
723 557
724 1758
725 1667
726 1981
727 803
728 1876
729 1586
730 570
731 501
732 1673
733 915
734 1818
735 1122
736 532
737 734
738 1609
739 1598
740 1265
741 59
742 1731
743 1666
744 47
745 561
746 303
747 1354
748 1015
749 1932
750 105
751 572
752 233
753 1468
754 1499
755 1288
756 1396
757 970
758 903
759 1099
760 1794
761 1686
762 1299
763 382
764 830
765 1483
766 1714
767 1307
768 467
769 628
770 1275
771 1407
772 1986
773 617
774 1752
775 1387
776 1983
777 737
778 654
779 1957
780 1737
781 1803
782 1315
783 1739
784 1172
785 1128
786 625
787 711
788 245
789 447
790 981
791 1662
792 1577
793 932
794 1524
795 1395
796 786
797 515
798 1852
799 361
800 863
801 982
802 1842
803 1237
804 279
805 982
806 301
807 1809
808 1554
809 47
810 13
811 1053
812 868
813 444
814 889
815 769
816 903
817 1953
818 869
819 1053
820 1124
821 535
822 316
823 1457
824 1661
825 545
826 1648
827 760
828 1466
829 1118
830 1099
831 1679
832 1102
833 1624
834 592
835 20
836 1653
837 793
838 1731
839 1578
840 989
841 1101
842 1314
843 1880
844 621
845 1058
846 927
847 1601
848 1862
849 1371
850 491
851 1550
852 805
853 549
854 400
855 1127
856 1106
857 1009
858 1659
859 1378
860 1145
861 1680
862 1780
863 898
864 1010
865 1389
866 331
867 416
868 367
869 1491
870 1105
871 1607
872 1986
873 1487
874 576
875 745
876 1336
877 1409
878 312
879 623
880 565
881 236
882 1095
883 942
884 109
885 1757
886 420
887 277
888 556
889 808
890 1209
891 99
892 1652
893 861
894 1834
895 901
896 1425
897 954
898 806
899 1565
900 106
901 746
902 1481
903 1774
904 550
905 1211
906 779
907 868
908 1079
909 1997
910 217
911 1361
912 568
913 1975
914 126
915 289
916 559
917 1539
918 125
919 1983
920 223
921 1081
922 1742
923 464
924 814
925 58
926 819
927 1165
928 1053
929 931
930 741
931 1183
932 1193
933 1089
934 0
935 1043
936 1052
937 963
938 695
939 781
940 465
941 267
942 358
943 1560
944 755
945 15
946 1250
947 1451
948 16
949 1964
950 159
951 920
952 607
953 618
954 126
955 1982
956 1051
957 1162
958 768
959 526
960 1003
961 91
962 1372
963 1290
964 160
965 957
966 329
967 1065
968 1242
969 109
970 1193
971 1464
972 999
973 1726
974 1506
975 522
976 1849
977 281
978 441
979 464
980 883
981 859
982 493
983 484
984 1184
985 1229
986 1502
987 351
988 1696
989 737
990 920
991 987
992 559
993 280
994 0
995 466
996 1156
997 64
998 1193
999 149
1000 723

1000
0 635
1 203
2 1671
3 440
4 1026
5 1574
6 448
7 1758
8 1783
9 1927
10 1660
11 540
12 487
13 468
14 1980
15 135
16 617
17 1655
18 1987
19 1965
20 1812
21 206
22 1561
23 1931
24 976
25 302
26 108
27 571
28 410
29 837
30 144
31 190
32 1089
33 219
34 1671
35 626
36 1053
37 1812
38 348
39 400
40 1119
41 1461
42 697
43 1253
44 595
45 928
46 1161
47 1194
48 3
49 557
50 504
51 1778
52 1301
53 583
54 950
55 527
56 757
57 929
58 314
59 1218
60 1453
61 659
62 1475
63 1149
64 592
65 581
66 1562
67 1446
68 326
69 1814
70 1875
71 763
72 737
73 1881
74 1683
75 1245
76 63
77 1693
78 1691
79 555
80 872
81 904
82 1698
83 651
84 695
85 895
86 289
87 1686
88 1302
89 421
90 1927
91 1697
92 738
93 989
94 509
95 1860
96 189
97 1869
98 820
99 233
100 130
101 689
102 90
103 1059
104 387
105 345
106 1004
107 1897
108 1038
109 1889
110 469
111 365
112 1422
113 1547
114 1941
115 1389
116 1070
117 1050
118 1069
119 821
120 168
121 1133
122 358
123 1422
124 1276
125 1751
126 1073
127 487
128 1084
129 311
130 649
131 815
132 1092
133 1833
134 629
135 44
136 247
137 744
138 265
139 1292
140 1524
141 1742
142 1276
143 949
144 951
145 1465
146 1909
147 171
148 1276
149 284
150 382
151 1406
152 319
153 1983
154 1243
155 956
156 591
157 1380
158 180
159 970
160 1857
161 1816
162 781
163 1195
164 208
165 1985
166 566
167 618
168 1137
169 1018
170 255
171 1354
172 661
173 1144
174 788
175 952
176 1816
177 184
178 806
179 937
180 71
181 520
182 505
183 934
184 1038
185 1790
186 458
187 1440
188 1311
189 1801
190 1353
191 161
192 1311
193 1122
194 340
195 1329
196 1994
197 286
198 756
199 1873
200 1351
201 515
202 928
203 1656
204 1254
205 1012
206 1615
207 1672
208 517
209 1163
210 636
211 1724
212 1042
213 738
214 1426
215 800
216 27
217 991
218 102
219 61
220 1201
221 1801
222 484
223 1936
224 1147
225 1883
226 386
227 1877
228 1127
229 1364
230 1073
231 341
232 171
233 1335
234 33
235 1945
236 410
237 1382
238 436
239 362
240 226
241 919
242 459
243 1815
244 769
245 1136
246 860
247 546
248 1560
249 116
250 997
251 1160
252 1864
253 538
254 1691
255 826
256 857
257 1750
258 1707
259 1052
260 394
261 774
262 417
263 1450
264 370
265 1115
266 1751
267 1586
268 1893
269 898
270 325
271 290
272 98
273 1694
274 1063
275 271
276 729
277 1588
278 1340
279 159
280 1370
281 531
282 1498
283 1156
284 1608
285 1341
286 751
287 517
288 1853
289 855
290 1923
291 1738
292 951
293 601
294 1401
295 771
296 1040
297 1570
298 1620
299 1718
300 1883
301 1851
302 1110
303 596
304 970
305 1990
306 1492
307 1863
308 893
309 963
310 1957
311 490
312 997
313 1694
314 1769
315 1701
316 1094
317 457
318 551
319 1619
320 411
321 1538
322 1854
323 354
324 723
325 1872
326 1549
327 534
328 1049
329 479
330 782
331 330
332 801
333 614
334 1468
335 564
336 1358
337 1457
338 342
339 1316
340 609
341 1680
342 124
343 1849
344 748
345 923
346 1670
347 1120
348 549
349 1504
350 804
351 202
352 1142
353 1115
354 1072
355 808
356 161
357 1489
358 1424
359 1813
360 944
361 1544
362 1911
363 49
364 1130
365 342
366 219
367 150
368 322
369 949
370 689
371 377
372 1530
373 176
374 580
375 830
376 597
377 1085
378 917
379 776
380 249
381 871
382 1085
383 764
384 99
385 1654
386 605
387 1376
388 965
389 205
390 86
391 102
392 314
393 1216
394 1765
395 959
396 363
397 1760
398 1702
399 1870
400 1690
401 1173
402 361
403 1306
404 1578
405 503
406 1346
407 143
408 274
409 1256
410 394
411 561
412 791
413 1
414 1780
415 1502
416 1590
417 1032
418 938
419 1967
420 1939
421 891
422 661
423 555
424 1707
425 220
426 1307
427 1561
428 1590
429 104
430 370
431 1183
432 1849
433 1909
434 83
435 1788
436 264
437 56
438 234
439 910
440 952
441 1569
442 794
443 128
444 1809
445 388
446 1053
447 964
448 1683
449 164
450 1753
451 1833
452 1568
453 189
454 1694
455 505
456 951
457 1582
458 1372
459 978
460 977
461 1330
462 274
463 703
464 900
465 890
466 1313
467 1074
468 565
469 216
470 1823
471 432
472 1290
473 1114
474 407
475 1833
476 845
477 1569
478 797
479 1218
480 1181
481 1182
482 511
483 1201
484 1135
485 232
486 1223
487 1764
488 1442
489 1004
490 1342
491 255
492 1359
493 1
494 827
495 1840
496 319
497 1478
498 200
499 1792
500 742
501 1467
502 757
503 1961
504 1438
505 1225
506 486
507 126
508 1711
509 543
510 1415
511 188
512 713
513 474
514 1809
515 1355
516 452
517 1040
518 1220
519 544
520 479
521 1256
522 756
523 1731
524 837
525 682
526 1936
527 279
528 1981
529 719
530 989
531 171
532 144
533 948
534 1281
535 1229
536 1974
537 993
538 1275
539 1606
540 1593
541 1120
542 1712
543 261
544 923
545 1852
546 529
547 988
548 484
549 1912
550 968
551 1649
552 403
553 456
554 1697
555 1842
556 1253
557 64
558 230
559 1593
560 164
561 1832
562 594
563 1559
564 1751
565 968
566 615
567 272
568 103
569 1798
570 442
571 914
572 17
573 697
574 668
575 771
576 1255
577 1880
578 1188
579 55
580 338
581 340
582 600
583 859
584 706
585 607
586 955
587 369
588 1797
589 136
590 1008
591 1864
592 1382
593 1429
594 172
595 486
596 1069
597 1707
598 458
599 965
600 1973
601 444
602 1240
603 8
604 650
605 1677
606 206
607 1337
608 81
609 1091
610 1999
611 496
612 1042
613 378
614 968
615 769
616 832
617 834
618 1765
619 1811
620 1305
621 310
622 1523
623 1737
624 1320
625 1178
626 560
627 735
628 1896
629 1472
630 1038
631 82
632 1171
633 1767
634 119
635 1644
636 1801
637 897
638 907
639 490
640 108
641 1840
642 436
643 108
644 1688
645 876
646 1434
647 825
648 1488
649 531
650 275
651 1789
652 1923
653 1069
654 1282
655 544
656 190
657 891
658 1408
659 643
660 763
661 1852
662 1288
663 1705
664 71
665 316
666 316
667 1024
668 1873
669 169
670 358
671 348
672 1149
673 386
674 1401
675 94
676 1177
677 1423
678 485
679 1270
680 871
681 1560
682 1832
683 1234
684 297
685 579
686 1202
687 1265
688 1051
689 300
690 546
691 1720
692 1210
693 531
694 1676
695 816
696 867
697 573
698 892
699 1339
700 806
701 1304
702 803
703 785
704 520
705 336
706 176
707 1195
708 456
709 614
710 1771
711 1771
712 1641
713 1539
714 1514
715 182
716 238
717 329
718 1558
719 1327
720 933
721 962
722 1624
723 1554
724 378
725 776
726 1533
727 1529
728 764
729 1776
730 553
731 862
732 1068
733 1779
734 1672
735 1198
736 1969
737 1243
738 1631
739 70
740 1529
741 1910
742 1216
743 429
744 1050
745 650
746 716
747 1246
748 1735
749 822
750 1011
751 480
752 1374
753 1904
754 1640
755 1907
756 958
757 1408
758 672
759 153
760 741
761 216
762 120
763 1007
764 1799
765 1822
766 1974
767 7
768 828
769 1272
770 568
771 1444
772 1552
773 179
774 505
775 48
776 638
777 1536
778 1874
779 1741
780 1094
781 1212
782 1261
783 854
784 1883
785 698
786 612
787 1938
788 58
789 847
790 440
791 1717
792 1044
793 1785
794 718
795 1826
796 748
797 621
798 1012
799 672
800 1932
801 1035
802 321
803 1912
804 290
805 1473
806 442
807 1257
808 968
809 9
810 1824
811 1144
812 961
813 767
814 423
815 1399
816 1055
817 1924
818 562
819 1776
820 706
821 712
822 1546
823 1791
824 971
825 359
826 1885
827 1033
828 654
829 643
830 595
831 173
832 934
833 1481
834 1788
835 454
836 1474
837 1603
838 1286
839 1370
840 1693
841 1913
842 714
843 1090
844 396
845 53
846 1909
847 613
848 1792
849 706
850 997
851 51
852 523
853 1728
854 1897
855 956
856 1855
857 775
858 1083
859 155
860 1778
861 852
862 858
863 1170
864 862
865 949
866 367
867 259
868 469
869 541
870 1201
871 920
872 897
873 1973
874 20
875 1279
876 1193
877 32
878 508
879 1542
880 1456
881 104
882 1216
883 1311
884 1720
885 826
886 986
887 688
888 452
889 347
890 635
891 409
892 282
893 1222
894 298
895 627
896 1239
897 531
898 1549
899 66
900 1837
901 917
902 1792
903 1814
904 1880
905 1968
906 1170
907 404
908 846
909 324
910 1616
911 124
912 1316
913 1003
914 1721
915 1382
916 157
917 1739
918 1216
919 1406
920 1997
921 1465
922 1120
923 1721
924 1356
925 1179
926 474
927 3
928 1751
929 1175
930 1369
931 1655
932 1104
933 1981
934 1159
935 218
936 405
937 541
938 104
939 1684
940 222
941 1255
942 484
943 1452
944 816
945 430
946 1971
947 1215
948 559
949 663
950 1904
951 1948
952 384
953 244
954 336
955 1359
956 540
957 1479
958 444
959 1672
960 592
961 501
962 457
963 1559
964 1585
965 489
966 169
967 1879
968 798
969 818
970 203
971 1076
972 1998
973 347
974 1917
975 1386
976 1463
977 1316
978 1601
979 907
980 416
981 946
982 1166
983 29
984 1759
985 608
986 573
987 750
988 1084
989 608
990 580
991 1604
992 759
993 674
994 1632
995 1974
996 1061
997 1647
998 363
999 1136
1000 21

1000
0 1385
1 1413
2 1363
3 513
4 1483
5 1445
6 1561
7 794
8 311
9 607
10 672
11 1126
12 996
13 328
14 347
15 639
16 470
17 864
18 956
19 67
20 1595
21 576
22 1344
23 1752
24 996
25 355
26 678
27 100
28 974
29 1729
30 1114
31 1893
32 1564
33 358
34 1955
35 1290
36 1139
37 1106
38 1365
39 949
40 1377
41 1897
42 1699
43 8
44 1339
45 458
46 565
47 1420
48 418
49 1645
50 321
51 945
52 577
53 1270
54 1161
55 112
56 1238
57 854
58 1137
59 812
60 1402
61 272
62 76
63 182
64 1567
65 1897
66 98
67 1312
68 1877
69 601
70 816
71 121
72 617
73 1918
74 348
75 1063
76 1178
77 703
78 387
79 1571
80 409
81 1038
82 432
83 126
84 1661
85 999
86 1579
87 1698
88 527
89 501
90 1661
91 515
92 969
93 308
94 1883
95 260
96 1254
97 385
98 1574
99 1702
100 1142
101 1725
102 1022
103 1642
104 753
105 1296
106 1438
107 1608
108 901
109 27
110 984
111 776
112 1006
113 1990
114 446
115 430
116 1696
117 103
118 314
119 1923
120 116
121 36
122 1435
123 1454
124 989
125 992
126 93
127 769
128 582
129 1281
130 755
131 1135
132 1210
133 1107
134 867
135 156
136 47
137 213
138 1966
139 1757
140 1711
141 208
142 698
143 511
144 1701
145 200
146 414
147 595
148 1425
149 1547
150 362
151 471
152 1032
153 1831
154 1905
155 927
156 795
157 121
158 1044
159 1186
160 1649
161 191
162 12
163 1826
164 1348
165 1406
166 51
167 1715
168 1157
169 1071
170 271
171 476
172 1181
173 997
174 924
175 43
176 1602
177 1610
178 1637
179 83
180 658
181 1255
182 1279
183 1585
184 1582
185 1266
186 706
187 957
188 1590
189 658
190 1573
191 907
192 829
193 958
194 421
195 1072
196 1529
197 1299
198 1073
199 1234
200 793
201 36
202 1429
203 1833
204 931
205 1948
206 801
207 1826
208 521
209 559
210 1126
211 833
212 1799
213 366
214 556
215 742
216 892
217 217
218 1091
219 1881
220 1699
221 1359
222 1732
223 1472
224 1517
225 866
226 1954
227 1743
228 1628
229 757
230 803
231 1022
232 654
233 295
234 1637
235 342
236 132
237 217
238 1839
239 597
240 1598
241 1483
242 1621
243 514
244 6
245 773
246 311
247 1306
248 421
249 1921
250 199
251 1017
252 901
253 358
254 1173
255 1876
256 837
257 302
258 968
259 1154
260 882
261 57
262 635
263 427
264 1512
265 1131
266 354
267 633
268 1957
269 1169
270 1928
271 1419
272 1382
273 1761
274 1239
275 1193
276 33
277 1519
278 1954
279 1457
280 1054
281 1116
282 706
283 208
284 1922
285 248
286 1372
287 668
288 1561
289 1528
290 811
291 526
292 943
293 1619
294 1295
295 1501
296 1532
297 502
298 145
299 1269
300 442
301 1864
302 929
303 583
304 852
305 1047
306 799
307 1738
308 1612
309 1185
310 883
311 1215
312 1817
313 975
314 1193
315 658
316 1708
317 380
318 1036
319 892
320 1869
321 259
322 1390
323 245
324 1431
325 1798
326 113
327 487
328 1484
329 1643
330 1333
331 1710
332 1590
333 1953
334 1663
335 748
336 1084
337 1616
338 194
339 1641
340 333
341 190
342 908
343 327
344 1228
345 30
346 15
347 1955
348 695
349 755
350 891
351 1352
352 1254
353 1891
354 85
355 1357
356 493
357 342
358 710
359 271
360 1742
361 478
362 1651
363 841
364 1710
365 992
366 932
367 1791
368 674
369 384
370 1139
371 443
372 230
373 619
374 242
375 958
376 617
377 222
378 361
379 616
380 569
381 84
382 347
383 835
384 742
385 1356
386 213
387 1914
388 1398
389 1561
390 1506
391 1703
392 629
393 1298
394 1998
395 57
396 118
397 330
398 1365
399 1156
400 282
401 539
402 1318
403 947
404 1995
405 667
406 633
407 1592
408 438
409 1425
410 1402
411 932
412 579
413 1088
414 1906
415 658
416 1859
417 562
418 1073
419 1086
420 1893
421 96
422 521
423 244
424 1844
425 1709
426 1658
427 1554
428 241
429 3
430 1766
431 399
432 1864
433 357
434 1392
435 853
436 898
437 1427
438 1701
439 1625
440 438
441 748
442 631
443 1932
444 1084
445 910
446 1090
447 649
448 1072
449 1817
450 1773
451 495
452 63
453 769
454 1711
455 1017
456 1490
457 1026
458 460
459 1305
460 740
461 1502
462 1098
463 1475
464 1505
465 1282
466 324
467 1237
468 1500
469 71
470 1722
471 1989
472 813
473 420
474 755
475 754
476 342
477 1936
478 816
479 732
480 1681
481 1781
482 414
483 1168
484 264
485 1376
486 408
487 700
488 976
489 53
490 743
491 881
492 1506
493 16
494 1687
495 261
496 1879
497 1318
498 759
499 1928
500 1968
501 1834
502 1372
503 111
504 1456
505 683
506 610
507 268
508 998
509 666
510 1185
511 1135
512 266
513 1050
514 807
515 1493
516 1539
517 1200
518 72
519 1711
520 1427
521 666
522 143
523 1838
524 256
525 1372
526 1824
527 73
528 1600
529 1909
530 1660
531 657
532 1760
533 752
534 863
535 1388
536 1601
537 1990
538 1689
539 621
540 1472
541 1489
542 167
543 1141
544 1504
545 140
546 1261
547 451
548 1413
549 486
550 1907
551 1831
552 320
553 309
554 313
555 1428
556 594
557 215
558 520
559 1939
560 1151
561 19
562 871
563 532
564 449
565 734
566 630
567 1920
568 630
569 1146
570 683
571 1978
572 1159
573 1065
574 663
575 227
576 133
577 879
578 1843
579 61
580 642
581 917
582 252
583 1639
584 74
585 410
586 808
587 1576
588 1612
589 1588
590 853
591 279
592 1688
593 756
594 1069
595 102
596 1095
597 904
598 583
599 942
600 1378
601 617
602 108
603 486
604 1472
605 1509
606 1156
607 1389
608 1183
609 551
610 1710
611 1239
612 158
613 1170
614 1209
615 325
616 1252
617 1357
618 913
619 1180
620 257
621 344
622 745
623 168
624 1616
625 492
626 1393
627 1626
628 1445
629 113
630 1380
631 1116
632 1433
633 1817
634 1665
635 837
636 1278
637 185
638 980
639 263
640 513
641 1912
642 1617
643 278
644 28
645 1360
646 1372
647 499
648 404
649 1394
650 151
651 1447
652 758
653 310
654 1513
655 715
656 1321
657 176
658 824
659 1700
660 64
661 1133
662 1795
663 1788
664 1055
665 1420
666 1902
667 299
668 662
669 1706
670 586
671 565
672 1151
673 550
674 144
675 140
676 1088
677 1268
678 1578
679 1846
680 1934
681 1965
682 159
683 1482
684 590
685 579
686 1033
687 1892
688 1209
689 1842
690 1477
691 1848
692 971
693 369
694 1286
695 131
696 1432
697 1416
698 613
699 397
700 1772
701 780
702 426
703 1786
704 1709
705 358
706 48
707 511
708 352
709 1458
710 408
711 834
712 1668
713 1554
714 652
715 1755
716 1023
717 370
718 77
719 1143
720 963
721 1671
722 108
723 427
724 1100
725 897
726 1010
727 1125
728 1800
729 448
730 733
731 413
732 596
733 914
734 1191
735 1323
736 831
737 570
738 436
739 531
740 1902
741 524
742 1624
743 1147
744 572
745 1749
746 162
747 1453
748 90
749 200
750 921
751 23
752 330
753 1891
754 1778
755 240
756 36
757 320
758 1211
759 1301
760 1252
761 743
762 711
763 1842
764 753
765 1377
766 550
767 1692
768 1834
769 1751
770 368
771 1818
772 1934
773 1241
774 1743
775 1476
776 632
777 506
778 758
779 532
780 150
781 921
782 65
783 618
784 677
785 171
786 426
787 1003
788 922
789 1603
790 469
791 745
792 223
793 707
794 1097
795 1949
796 1272
797 1420
798 1356
799 769
800 321
801 1586
802 521
803 1354
804 1158
805 1419
806 1
807 1907
808 1006
809 1750
810 699
811 1909
812 1973
813 584
814 633
815 1058
816 1461
817 561
818 553
819 705
820 816
821 237
822 388
823 851
824 1389
825 39
826 903
827 1108
828 1340
829 1592
830 1051
831 397
832 1879
833 1949
834 1683
835 422
836 984
837 134
838 449
839 1786
840 337
841 763
842 150
843 915
844 1900
845 713
846 533
847 1507
848 79
849 1338
850 1218
851 1332
852 107
853 1811
854 364
855 1880
856 1170
857 743
858 755
859 1722
860 1138
861 1016
862 680
863 853
864 1330
865 1805
866 721
867 819
868 1672
869 1855
870 101
871 541
872 1685
873 270
874 1754
875 82
876 702
877 753
878 1352
879 435
880 392
881 283
882 441
883 795
884 1262
885 376
886 1568
887 1195
888 1234
889 1846
890 1956
891 323
892 1774
893 817
894 375
895 269
896 182
897 791
898 1271
899 1348
900 1084
901 42
902 960
903 802
904 1166
905 196
906 1803
907 486
908 448
909 1572
910 552
911 884
912 1202
913 262
914 275
915 743
916 863
917 865
918 1958
919 1666
920 1089
921 1306
922 1259
923 1380
924 1539
925 214
926 1868
927 1081
928 693
929 1437
930 1193
931 1485
932 806
933 1002
934 229
935 699
936 721
937 1631
938 1918
939 1828
940 1078
941 197
942 39
943 1500
944 1427
945 1201
946 979
947 1758
948 1215
949 1602
950 368
951 1567
952 1716
953 1142
954 270
955 1104
956 198
957 1708
958 891
959 973
960 1908
961 917
962 1564
963 1074
964 58
965 1108
966 1578
967 1421
968 128
969 1428
970 726
971 1423
972 1923
973 1257
974 378
975 956
976 622
977 702
978 1998
979 1379
980 421
981 621
982 580
983 55
984 1597
985 238
986 1153
987 971
988 1723
989 1767
990 1064
991 1548
992 1480
993 721
994 1028
995 616
996 30
997 1323
998 225
999 300
1000 1505

1000
0 1889
1 199
2 1598
3 1612
4 1094
5 851
6 870
7 1680
8 814
9 707
10 1731
11 1147
12 124
13 900
14 48
15 1802
16 456
17 416
18 651
19 161
20 99
21 1717
22 1495
23 1983
24 1335
25 545
26 720
27 320
28 685
29 780
30 938
31 1535
32 1960
33 1826
34 1426
35 1718
36 1615
37 1148
38 1814
39 612
40 1272
41 1641
42 1856
43 1561
44 1856
45 270
46 1309
47 865
48 1447
49 551
50 940
51 906
52 392
53 1544
54 1458
55 1316
56 102
57 1878
58 491
59 1061
60 881
61 299
62 731
63 646
64 984
65 313
66 1186
67 1853
68 1481
69 878
70 941
71 263
72 1108
73 1600
74 377
75 146
76 29
77 1990
78 659
79 996
80 912
81 163
82 571
83 1788
84 1055
85 1984
86 535
87 611
88 1447
89 1700
90 260
91 1486
92 1953
93 1250
94 1863
95 851
96 1172
97 1088
98 1089
99 774
100 567
101 655
102 753
103 1199
104 68
105 1084
106 339
107 201
108 1465
109 2
110 518
111 617
112 104
113 249
114 940
115 409
116 1406
117 447
118 458
119 432
120 1360
121 1425
122 1695
123 80
124 801
125 23
126 1778
127 172
128 1920
129 1353
130 340
131 580
132 942
133 98
134 804
135 654
136 750
137 640
138 81
139 819
140 1317
141 1796
142 554
143 1011
144 1585
145 1244
146 1617
147 213
148 838
149 810
150 1423
151 1904
152 1011
153 1265
154 1345
155 79
156 516
157 284
158 255
159 596
160 496
161 1851
162 653
163 1164
164 658
165 458
166 1835
167 170
168 837
169 1824
170 1719
171 435
172 456
173 1265
174 562
175 1670
176 337
177 976
178 1904
179 1366
180 557
181 1045
182 1273
183 1461
184 390
185 1319
186 1708
187 510
188 878
189 902
190 356
191 399
192 1848
193 503
194 594
195 802
196 278
197 1373
198 633
199 614
200 44
201 272
202 1801
203 1103
204 547
205 141
206 1396
207 54
208 1370
209 1898
210 828
211 1166
212 1655
213 20
214 669
215 1413
216 1772
217 1927
218 1751
219 626
220 1380
221 1241
222 1043
223 1921
224 300
225 515
226 694
227 377
228 318
229 45
230 1444
231 1335
232 1225
233 501
234 1708
235 248
236 1757
237 1852
238 34
239 664
240 1202
241 957
242 586
243 290
244 536
245 1403
246 671
247 1090
248 152
249 1942
250 1475
251 271
252 810
253 729
254 1905
255 31
256 608
257 1539
258 910
259 1510
260 1647
261 671
262 1758
263 815
264 1470
265 1523
266 1043
267 1749
268 503
269 658
270 944
271 878
272 59
273 286
274 1132
275 565
276 226
277 1070
278 306
279 994
280 0
281 39
282 166
283 584
284 1587
285 154
286 625
287 1100
288 1016
289 218
290 1677
291 1725
292 1277
293 184
294 1596
295 771
296 545
297 1357
298 1474
299 376
300 888
301 275
302 52
303 222
304 1483
305 880
306 1624
307 1628
308 1276
309 1392
310 908
311 585
312 1191
313 766
314 2
315 1347
316 1731
317 1935
318 425
319 1243
320 1560
321 284
322 263
323 1409
324 1467
325 938
326 466
327 792
328 149
329 1671
330 46
331 1782
332 1010
333 834
334 176
335 1467
336 1604
337 1688
338 546
339 651
340 1464
341 679
342 1727
343 1529
344 1392
345 1520
346 1806
347 897
348 752
349 1774
350 251
351 386
352 1428
353 382
354 112
355 167
356 798
357 74
358 1332
359 545
360 1806
361 949
362 106
363 339
364 825
365 1797
366 1898
367 1033
368 876
369 856
370 1852
371 117
372 874
373 661
374 1728
375 1783
376 1041
377 369
378 1323
379 809
380 1163
381 330
382 12
383 52
384 624
385 147
386 909
387 963
388 1161
389 1116
390 1445
391 882
392 1215
393 733
394 298
395 866
396 1138
397 623
398 371
399 876
400 534
401 631
402 636
403 559
404 247
405 320
406 195
407 72
408 877
409 451
410 719
411 1133
412 762
413 1110
414 1248
415 1206
416 1521
417 1071
418 929
419 120
420 353
421 1651
422 1130
423 31
424 1838
425 1568
426 1522
427 1032
428 1425
429 323
430 1090
431 1560
432 1749
433 1350
434 1861
435 44
436 1283
437 458
438 331
439 1423
440 1848
441 765
442 1069
443 1345
444 1457
445 1911
446 731
447 74
448 233
449 807
450 96
451 1947
452 1529
453 789
454 1655
455 1644
456 574
457 1908
458 663
459 120
460 201
461 1958
462 890
463 338
464 1279
465 859
466 491
467 626
468 929
469 1672
470 1566
471 639
472 390
473 1040
474 1465
475 1515
476 1331
477 706
478 928
479 6
480 1181
481 1070
482 287
483 1215
484 1094
485 1157
486 128
487 1918
488 1507
489 1308
490 1116
491 1639
492 462
493 1308
494 1790
495 188
496 391
497 1962
498 1891
499 835
500 565
501 1662
502 1550
503 1422
504 1131
505 898
506 904
507 573
508 1269
509 1433
510 1732
511 1900
512 657
513 1225
514 561
515 26
516 27
517 678
518 56
519 568
520 449
521 1053
522 661
523 425
524 133
525 250
526 1843
527 1036
528 1233
529 1046
530 416
531 195
532 932
533 992
534 1568
535 1888
536 155
537 151
538 1357
539 1051
540 1627
541 241
542 235
543 562
544 1690
545 1467
546 234
547 1582
548 1533
549 1374
550 1412
551 1005
552 12
553 1418
554 375
555 1457
556 530
557 1010
558 1165
559 869
560 1057
561 1235
562 1110
563 1783
564 1602
565 1490
566 231
567 679
568 393
569 913
570 1516
571 1386
572 1239
573 1982
574 1065
575 443
576 1674
577 1449
578 1470
579 479
580 15
581 511
582 9
583 1779
584 904
585 839
586 773
587 1765
588 1016
589 1369
590 511
591 683
592 1898
593 1878
594 1130
595 1747
596 434
597 392
598 345
599 1481
600 635
601 390
602 1961
603 926
604 704
605 100
606 1825
607 1899
608 838
609 1093
610 994
611 722
612 598
613 318
614 1656
615 973
616 1625
617 1609
618 1459
619 1926
620 604
621 1330
622 559
623 34
624 1986
625 562
626 1438
627 523
628 281
629 293
630 1944
631 472
632 308
633 762
634 1225
635 1099
636 1176
637 1479
638 1449
639 487
640 771
641 502
642 985
643 1899
644 1510
645 1344
646 712
647 1872
648 275
649 404
650 949
651 891
652 1281
653 611
654 1615
655 415
656 1308
657 652
658 1176
659 1826
660 1786
661 975
662 969
663 1834
664 937
665 1520
666 463
667 452
668 1203
669 1738
670 947
671 177
672 243
673 398
674 503
675 734
676 898
677 1895
678 347
679 62
680 170
681 1466
682 352
683 1222
684 524
685 895
686 1684
687 1828
688 684
689 1814
690 1004
691 173
692 1674
693 1497
694 1296
695 1842
696 1500
697 892
698 1263
699 206
700 966
701 1379
702 372
703 1855
704 1692
705 1073
706 672
707 798
708 494
709 904
710 1783
711 29
712 162
713 737
714 631
715 12
716 352
717 1977
718 18
719 599
720 518
721 775
722 1004
723 640
724 1372
725 54
726 1808
727 1364
728 338
729 1603
730 990
731 397
732 309
733 1429
734 287
735 788
736 1344
737 707
738 1465
739 896
740 783
741 278
742 189
743 15
744 1823
745 1933
746 1502
747 224
748 1218
749 1015
750 1964
751 1083
752 1998
753 1185
754 1678
755 334
756 1349
757 923
758 1295
759 1060
760 255
761 553
762 1743
763 1108
764 1587
765 643
766 986
767 436
768 5
769 761
770 1653
771 775
772 665
773 87
774 1684
775 490
776 1333
777 1457
778 1193
779 167
780 1733
781 1195
782 824
783 500
784 1736
785 1592
786 198
787 924
788 1560
789 1757
790 1807
791 407
792 1815
793 352
794 1558
795 1352
796 1029
797 802
798 1031
799 67
800 1485
801 167
802 712
803 1529
804 847
805 1582
806 511
807 1233
808 1529
809 897
810 1261
811 229
812 1470
813 699
814 1608
815 1078
816 280
817 1824
818 1878
819 1821
820 778
821 1502
822 309
823 239
824 782
825 782
826 519
827 108
828 542
829 615
830 379
831 1525
832 990
833 703
834 1543
835 1303
836 1862
837 478
838 1313
839 1448
840 653
841 370
842 1437
843 93
844 1120
845 1417
846 1553
847 614
848 995
849 1710
850 436
851 1014
852 974
853 1955
854 84
855 1234
856 1753
857 1399
858 167
859 1238
860 1218
861 1716
862 586
863 510
864 203
865 935
866 197
867 1592
868 865
869 61
870 191
871 1540
872 1622
873 1207
874 1181
875 1684
876 320
877 1978
878 1718
879 1750
880 347
881 1622
882 1459
883 1723
884 473
885 64
886 546
887 1331
888 746
889 301
890 281
891 791
892 342
893 1870
894 647
895 435
896 1623
897 51
898 1014
899 1070
900 1524
901 669
902 253
903 983
904 1048
905 1013
906 1154
907 830
908 722
909 1938
910 173
911 1212
912 213
913 1002
914 199
915 831
916 31
917 1865
918 689
919 1206
920 582
921 1815
922 1921
923 902
924 1038
925 729
926 1463
927 1367
928 312
929 598
930 415
931 478
932 1765
933 68
934 1839
935 567
936 1016
937 782
938 1151
939 894
940 1897
941 149
942 1544
943 219
944 53
945 369
946 693
947 312
948 1219
949 1633
950 838
951 799
952 50
953 1030
954 1236
955 1013
956 1773
957 1273
958 991
959 846
960 881
961 1252
962 210
963 939
964 821
965 1604
966 648
967 135
968 1320
969 857
970 904
971 1353
972 1433
973 663
974 636
975 1446
976 1583
977 700
978 496
979 71
980 1033
981 1150
982 1317
983 1315
984 1376
985 208
986 1301
987 393
988 1560
989 33
990 1072
991 28
992 133
993 834
994 1221
995 1786
996 395
997 1026
998 301
999 1291
1000 1405

1000
0 1904
1 1760
2 1971
3 1300
4 362
5 1236
6 1042
7 489
8 999
9 277
10 385
11 1741
12 1197
13 1715
14 422
15 379
16 79
17 1559
18 1410
19 998
20 1948
21 292
22 1030
23 1842
24 68
25 150
26 1139
27 1842
28 744
29 1014
30 973
31 1147
32 1261
33 1839
34 315
35 568
36 1389
37 795
38 1741
39 1207
40 1578
41 1079
42 1930
43 1520
44 1279
45 1734
46 694
47 1302
48 517
49 1488
50 732
51 1846
52 1951
53 827
54 1645
55 1325
56 67
57 674
58 1781
59 518
60 822
61 1649
62 1719
63 1680
64 1826
65 1619
66 437
67 1677
68 22
69 1715
70 1422
71 1239
72 1162
73 638
74 275
75 1086
76 574
77 570
78 1207
79 1501
80 318
81 80
82 1651
83 362
84 564
85 708
86 484
87 1899
88 954
89 357
90 898
91 1862
92 1818
93 1808
94 1901
95 785
96 916
97 287
98 678
99 1577
100 267
101 671
102 903
103 190
104 316
105 1871
106 288
107 890
108 1660
109 68
110 591
111 1890
112 574
113 1002
114 811
115 1893
116 1053
117 212
118 1789
119 1426
120 188
121 1476
122 668
123 1143
124 1576
125 743
126 1300
127 356
128 6
129 1271
130 401
131 1197
132 1054
133 1844
134 1422
135 462
136 1923
137 477
138 1668
139 1289
140 1614
141 1784
142 561
143 1259
144 887
145 1697
146 136
147 1132
148 256
149 831
150 334
151 1141
152 1021
153 34
154 1608
155 428
156 995
157 1785
158 846
159 619
160 1036
161 1360
162 524
163 111
164 469
165 1542
166 613
167 1132
168 1812
169 1036
170 1780
171 1230
172 1401
173 906
174 1217
175 1162
176 463
177 1388
178 1021
179 195
180 1215
181 1561
182 1850
183 56
184 770
185 4
186 1049
187 1434
188 129
189 235
190 1313
191 876
192 27
193 685
194 409
195 787
196 1378
197 1257
198 1858
199 221
200 1490
201 1313
202 1188
203 702
204 767
205 973
206 1460
207 1605
208 106
209 732
210 46
211 1453
212 847
213 1350
214 101
215 1135
216 1646
217 797
218 900
219 565
220 933
221 385
222 1312
223 1113
224 1334
225 578
226 1084
227 1804
228 1946
229 1664
230 1752
231 1395
232 1634
233 1535
234 1384
235 892
236 1077
237 903
238 684
239 1454
240 1083
241 39
242 1553
243 702
244 1524
245 1993
246 1331
247 1406
248 422
249 977
250 253
251 1984
252 626
253 1279
254 1039
255 1960
256 162
257 180
258 1994
259 1135
260 1089
261 1872
262 476
263 132
264 278
265 1994
266 739
267 1981
268 1535
269 698
270 191
271 923
272 550
273 432
274 1032
275 603
276 386
277 1655
278 1704
279 441
280 1949
281 740
282 679
283 1599
284 413
285 904
286 146
287 1516
288 306
289 1381
290 423
291 1791
292 1867
293 206
294 1344
295 434
296 1061
297 1734
298 1001
299 1940
300 865
301 1930
302 464
303 1375
304 1728
305 619
306 1864
307 1640
308 685
309 964
310 1785
311 1364
312 1640
313 858
314 727
315 1543
316 107
317 993
318 1005
319 1224
320 1674
321 1115
322 231
323 369
324 1708
325 1291
326 665
327 1123
328 1328
329 1928
330 1200
331 742
332 1678
333 1501
334 626
335 1197
336 396
337 1565
338 740
339 1464
340 745
341 1252
342 1640
343 691
344 1785
345 872
346 1809
347 1436
348 1998
349 1678
350 693
351 1570
352 223
353 921
354 781
355 1369
356 1032
357 1742
358 1612
359 793
360 429
361 1267
362 1610
363 966
364 188
365 166
366 1068
367 651
368 846
369 761
370 1729
371 1296
372 954
373 1722
374 635
375 1642
376 615
377 801
378 1176
379 1809
380 1563
381 515
382 477
383 1757
384 612
385 1732
386 1774
387 1817
388 1410
389 617
390 508
391 826
392 336
393 635
394 1611
395 1129
396 1309
397 1048
398 239
399 1724
400 747
401 515
402 915
403 1763
404 1428
405 1484
406 85
407 877
408 1891
409 218
410 289
411 1723
412 950
413 1828
414 1561
415 1788
416 94
417 415
418 1086
419 504
420 1552
421 945
422 1485
423 1177
424 796
425 1333
426 1017
427 227
428 1927
429 328
430 1216
431 132
432 1463
433 1024
434 1085
435 853
436 1466
437 844
438 250
439 817
440 1715
441 261
442 496
443 173
444 1779
445 548
446 445
447 901
448 1472
449 478
450 1232
451 1032
452 1748
453 1786
454 851
455 1161
456 1653
457 1156
458 1397
459 55
460 1676
461 1337
462 900
463 806
464 1044
465 1106
466 1348
467 956
468 50
469 1006
470 1246
471 440
472 1995
473 1592
474 824
475 652
476 358
477 728
478 893
479 1451
480 1774
481 1109
482 1065
483 317
484 388
485 1720
486 1474
487 1024
488 864
489 860
490 70
491 1225
492 1297
493 1409
494 158
495 696
496 1513
497 1007
498 796
499 601
500 1758
501 920
502 998
503 39
504 1934
505 119
506 142
507 907
508 802
509 1124
510 701
511 1138
512 1165
513 265
514 1388
515 316
516 1170
517 1215
518 879
519 609
520 32
521 833
522 78
523 1534
524 267
525 722
526 1425
527 237
528 1975
529 171
530 1096
531 3
532 1971
533 1692
534 1700
535 786
536 1136
537 1124
538 358
539 783
540 701
541 172
542 1777
543 590
544 1457
545 925
546 46
547 9
548 1203
549 194
550 413
551 1296
552 121
553 152
554 594
555 1562
556 1180
557 1793
558 1844
559 1897
560 1684
561 248
562 669
563 700
564 1029
565 1808
566 1678
567 141
568 1078
569 1061
570 595
571 1627
572 1257
573 1443
574 1598
575 803
576 620
577 1269
578 1747
579 1927
580 748
581 598
582 1071
583 208
584 208
585 900
586 1318
587 512
588 1529
589 1186
590 1144
591 1632
592 708
593 140
594 15
595 1832
596 600
597 1093
598 103
599 1965
600 1251
601 93
602 1338
603 1188
604 1628
605 1311
606 1287
607 1109
608 1252
609 726
610 1486
611 923
612 783
613 1791
614 1803
615 1927
616 296
617 1817
618 829
619 1508
620 822
621 345
622 834
623 582
624 1929
625 1802
626 1809
627 1452
628 1376
629 1602
630 1459
631 932
632 155
633 176
634 142
635 893
636 1160
637 162
638 1296
639 1256
640 1165
641 771
642 1285
643 1720
644 1632
645 1440
646 948
647 472
648 1174
649 619
650 1404
651 1019
652 1798
653 297
654 23
655 1919
656 1274
657 903
658 1800
659 1531
660 1553
661 1002
662 1814
663 248
664 1427
665 1795
666 965
667 395
668 1459
669 401
670 1005
671 1760
672 154
673 1952
674 297
675 1298
676 5
677 1343
678 383
679 1847
680 557
681 1535
682 1431
683 1977
684 1343
685 56
686 649
687 767
688 184
689 1318
690 1991
691 362
692 1231
693 656
694 836
695 123
696 1631
697 1625
698 1169
699 1666
700 1887
701 239
702 1458
703 1201
704 1599
705 1073
706 1409
707 527
708 1905
709 622
710 446
711 1448
712 530
713 1864
714 881
715 657
716 1492
717 1608
718 654
719 906
720 1273
721 811
722 1348
723 1933
724 1134
725 89
726 1378
727 1682
728 1905
729 1094
730 278
731 949
732 1489
733 514
734 948
735 31
736 1905
737 1659
738 495
739 1808
740 440
741 1042
742 999
743 143
744 1256
745 571
746 143
747 1864
748 24
749 717
750 1145
751 1732
752 1057
753 1386
754 657
755 119
756 1121
757 1673
758 1747
759 1746
760 687
761 351
762 1225
763 1320
764 1165
765 1164
766 1509
767 142
768 1459
769 465
770 648
771 1740
772 205
773 751
774 540
775 1104
776 931
777 378
778 148
779 801
780 913
781 77
782 1262
783 1649
784 1138
785 1063
786 562
787 444
788 910
789 756
790 730
791 445
792 1101
793 758
794 990
795 640
796 1207
797 514
798 619
799 242
800 1321
801 1271
802 1407
803 484
804 790
805 728
806 995
807 1311
808 248
809 1659
810 1973
811 1601
812 1169
813 746
814 1042
815 1365
816 963
817 1143
818 700
819 529
820 1287
821 13
822 941
823 1961
824 14
825 1873
826 1737
827 1281
828 1330
829 1031
830 1561
831 1935
832 1320
833 1073
834 729
835 47
836 165
837 1667
838 207
839 976
840 1914
841 1121
842 1622
843 1260
844 1213
845 57
846 215
847 436
848 1013
849 541
850 1299
851 1050
852 1778
853 537
854 96
855 328
856 598
857 356
858 989
859 1838
860 532
861 1889
862 1699
863 1961
864 1044
865 612
866 554
867 1375
868 1423
869 258
870 1861
871 7
872 461
873 1697
874 1691
875 916
876 921
877 862
878 419
879 547
880 1342
881 910
882 1995
883 682
884 1265
885 204
886 741
887 592
888 1482
889 177
890 543
891 1212
892 736
893 834
894 1901
895 1253
896 1423
897 947
898 37
899 600
900 1401
901 1561
902 1703
903 1672
904 630
905 1118
906 807
907 80
908 1081
909 781
910 744
911 388
912 1842
913 717
914 1351
915 1910
916 713
917 426
918 1313
919 212
920 941
921 894
922 1346
923 190
924 1209
925 495
926 1627
927 629
928 736
929 963
930 1215
931 111
932 885
933 1726
934 1194
935 599
936 393
937 1452
938 767
939 674
940 1121
941 202
942 1180
943 1148
944 83
945 1742
946 652
947 1057
948 30
949 775
950 1769
951 1815
952 1924
953 1678
954 1835
955 1176
956 1829
957 716
958 1634
959 1422
960 264
961 326
962 1628
963 1575
964 824
965 1956
966 163
967 1400
968 1385
969 271
970 630
971 254
972 1173
973 1928
974 450
975 1264
976 1720
977 1605
978 749
979 703
980 900
981 102
982 80
983 319
984 1042
985 6
986 702
987 1888
988 1110
989 29
990 1172
991 741
992 605
993 1378
994 1839
995 1925
996 598
997 606
998 885
999 560
1000 794

1000
0 2
1 1758
2 1279
3 1630
4 209
5 430
6 781
7 1771
8 652
9 243
10 1614
11 125
12 1115
13 1726
14 321
15 713
16 401
17 1346
18 286
19 1201
20 758
21 1963
22 1647
23 1814
24 1363
25 1883
26 407
27 1325
28 1591
29 1763
30 150
31 908
32 950
33 1098
34 325
35 1954
36 1312
37 1693
38 1324
39 208
40 336
41 467
42 1988
43 1768
44 859
45 1212
46 1654
47 912
48 456
49 1797
50 833
51 163
52 991
53 811
54 1915
55 1844
56 1754
57 1290
58 1535
59 416
60 1736
61 512
62 1413
63 399
64 512
65 899
66 1167
67 1207
68 963
69 987
70 1055
71 269
72 682
73 1101
74 1142
75 1624
76 1342
77 613
78 7
79 164
80 1543
81 1872
82 1338
83 864
84 1420
85 1843
86 669
87 501
88 1337
89 1100
90 709
91 1619
92 639
93 1747
94 1474
95 633
96 1797
97 364
98 288
99 656
100 1532
101 1180
102 650
103 661
104 1552
105 516
106 1273
107 34
108 138
109 751
110 1481
111 1256
112 482
113 1973
114 1693
115 811
116 802
117 1817
118 1369
119 1946
120 742
121 1014
122 1037
123 1865
124 512
125 896
126 1938
127 285
128 56
129 314
130 317
131 1923
132 16
133 548
134 768
135 1709
136 1061
137 782
138 1072
139 1466
140 81
141 1341
142 1345
143 737
144 670
145 232
146 269
147 154
148 1413
149 625
150 1747
151 425
152 292
153 811
154 156
155 1544
156 1214
157 460
158 794
159 383
160 685
161 1360
162 473
163 499
164 818
165 1927
166 23
167 1832
168 1277
169 1020
170 1936
171 1316
172 424
173 691
174 1217
175 1730
176 1949
177 815
178 414
179 1728
180 1656
181 1949
182 112
183 726
184 248
185 880
186 982
187 1170
188 831
189 506
190 1132
191 1748
192 56
193 1955
194 937
195 67
196 1752
197 1561
198 1074
199 1051
200 461
201 1093
202 252
203 196
204 1587
205 613
206 1727
207 352
208 453
209 1692
210 742
211 1984
212 209
213 994
214 802
215 1299
216 20
217 1513
218 638
219 1389
220 69
221 1613
222 1774
223 1184
224 1134
225 1783
226 1200
227 969
228 1076
229 399
230 309
231 1337
232 120
233 139
234 185
235 1294
236 1237
237 1288
238 1501
239 1774
240 858
241 691
242 998
243 1680
244 818
245 389
246 1678
247 887
248 174
249 89
250 1385
251 1323
252 53
253 1067
254 1970
255 1637
256 514
257 1135
258 931
259 1927
260 219
261 955
262 484
263 1158
264 482
265 1795
266 1610
267 1094
268 1972
269 1455
270 1857
271 592
272 1790
273 666
274 84
275 1570
276 992
277 1881
278 1705
279 1907
280 474
281 1493
282 186
283 369
284 771
285 1032
286 830
287 409
288 136
289 1520
290 470
291 1571
292 1537
293 163
294 1763
295 1463
296 1615
297 1680
298 1012
299 1184
300 1618
301 1277
302 893
303 139
304 231
305 1747
306 836
307 331
308 878
309 914
310 1157
311 669
312 122
313 65
314 278
315 1043
316 1858
317 438
318 4
319 736
320 532
321 1422
322 1244
323 159
324 1177
325 1786
326 1366
327 1504
328 1316
329 39
330 1179
331 591
332 84
333 408
334 1751
335 1986
336 1304
337 258
338 1769
339 1728
340 498
341 276
342 1448
343 89
344 628
345 560
346 1968
347 1749
348 967
349 1210
350 1802
351 1421
352 859
353 1181
354 761
355 1696
356 265
357 468
358 96
359 211
360 756
361 1820
362 802
363 1321
364 1645
365 723
366 1921
367 506
368 598
369 476
370 888
371 1411
372 1758
373 1235
374 1108
375 1001
376 763
377 871
378 29
379 1883
380 726
381 793
382 1026
383 1380
384 240
385 1616
386 1874
387 122
388 131
389 870
390 407
391 1894
392 1379
393 1554
394 1101
395 1488
396 19
397 1906
398 1425
399 1030
400 339
401 581
402 1748
403 1673
404 119
405 1027
406 1039
407 932
408 1780
409 1754
410 1840
411 1577
412 1619
413 310
414 1426
415 458
416 600
417 1995
418 1563
419 129
420 700
421 210
422 1231
423 301
424 374
425 1214
426 1313
427 825
428 168
429 298
430 986
431 138
432 1861
433 1921
434 1586
435 1253
436 1857
437 73
438 1323
439 619
440 1073
441 556
442 126
443 595
444 1458
445 197
446 1165
447 1282
448 677
449 1172
450 1751
451 889
452 1495
453 254
454 938
455 1002
456 95
457 388
458 1186
459 136
460 1009
461 1293
462 367
463 1179
464 1344
465 1763
466 406
467 1437
468 1456
469 839
470 254
471 4
472 1528
473 1954
474 1514
475 1628
476 86
477 1946
478 1126
479 1153
480 1661
481 1933
482 939
483 1685
484 1930
485 925
486 1533
487 1684
488 1493
489 23
490 1875
491 658
492 1794
493 417
494 1878
495 1452
496 1718
497 1712
498 130
499 36
500 823
501 1491
502 1979
503 803
504 237
505 1040
506 617
507 762
508 1476
509 1081
510 371
511 969
512 3
513 1003
514 1162
515 347
516 1271
517 1730
518 1564
519 1916
520 761
521 732
522 1145
523 185
524 926
525 1833
526 162
527 162
528 685
529 1147
530 717
531 1902
532 1003
533 480
534 597
535 1243
536 434
537 473
538 879
539 1375
540 1424
541 951
542 423
543 193
544 1020
545 1073
546 1176
547 1710
548 1059
549 1396
550 1563
551 24
552 481
553 423
554 487
555 1345
556 1739
557 1289
558 567
559 960
560 1704
561 1146
562 569
563 494
564 288
565 1683
566 1346
567 1264
568 461
569 1634
570 1535
571 289
572 638
573 934
574 582
575 491
576 859
577 1076
578 507
579 977
580 1922
581 1780
582 318
583 1900
584 800
585 843
586 562
587 288
588 1531
589 1093
590 265
591 1739
592 1452
593 1422
594 378
595 1273
596 826
597 14
598 1173
599 7
600 993
601 431
602 397
603 1106
604 2
605 988
606 1492
607 363
608 900
609 488
610 1236
611 1721
612 8
613 471
614 969
615 443
616 1930
617 1101
618 893
619 1273
620 1459
621 1873
622 1131
623 1717
624 379
625 702
626 1621
627 1092
628 1756
629 1238
630 641
631 1411
632 946
633 1107
634 1694
635 855
636 1247
637 844
638 1844
639 325
640 1691
641 1984
642 1850
643 1243
644 872
645 610
646 1825
647 1065
648 99
649 1985
650 1661
651 272
652 1559
653 482
654 1971
655 1189
656 203
657 348
658 1550
659 705
660 1420
661 480
662 1340
663 1976
664 1061
665 227
666 550
667 660
668 378
669 842
670 1692
671 1438
672 149
673 1553
674 222
675 1385
676 1111
677 1383
678 1112
679 1115
680 1632
681 778
682 1157
683 1880
684 1914
685 458
686 1428
687 1036
688 256
689 941
690 1528
691 805
692 1516
693 703
694 1561
695 411
696 285
697 1731
698 1000
699 1933
700 1687
701 826
702 895
703 266
704 1348
705 830
706 1255
707 488
708 969
709 1516
710 1859
711 1956
712 500
713 1117
714 746
715 71
716 145
717 511
718 18
719 544
720 1596
721 1412
722 696
723 948
724 1264
725 1303
726 1596
727 1904
728 1006
729 1686
730 408
731 1078
732 1338
733 912
734 417
735 235
736 287
737 893
738 711
739 1852
740 1282
741 852
742 1191
743 136
744 1636
745 1341
746 1263
747 831
748 1264
749 1796
750 1905
751 53
752 1749
753 1254
754 161
755 1170
756 1998
757 668
758 489
759 1577
760 845
761 1057
762 1771
763 771
764 22
765 1137
766 1814
767 856
768 1527
769 864
770 1106
771 1449
772 101
773 212
774 806
775 44
776 546
777 479
778 1849
779 1125
780 331
781 861
782 1909
783 958
784 846
785 1271
786 503
787 739
788 105
789 146
790 755
791 220
792 1660
793 1111
794 661
795 1160
796 944
797 1216
798 1330
799 146
800 466
801 923
802 637
803 1443
804 1544
805 526
806 1637
807 1764
808 1748
809 1191
810 108
811 1741
812 182
813 799
814 386
815 1023
816 43
817 827
818 1232
819 1243
820 516
821 1501
822 320
823 1309
824 1346
825 958
826 521
827 1880
828 44
829 1776
830 425
831 687
832 835
833 244
834 268
835 1085
836 1485
837 951
838 985
839 1250
840 1853
841 697
842 1995
843 1979
844 68
845 652
846 1804
847 813
848 1697
849 1397
850 1309
851 1981
852 84
853 146
854 1715
855 1375
856 1536
857 904
858 1548
859 1641
860 158
861 1815
862 799
863 1715
864 286
865 1676
866 1858
867 1405
868 1017
869 1556
870 68
871 989
872 1714
873 1496
874 1386
875 707
876 906
877 1497
878 1303
879 11
880 163
881 617
882 1285
883 1119
884 556
885 676
886 144
887 950
888 1531
889 1817
890 1809
891 1789
892 106
893 329
894 777
895 128
896 1528
897 202
898 691
899 806
900 1807
901 1688
902 876
903 1446
904 390
905 1833
906 1374
907 313
908 844
909 203
910 24
911 749
912 949
913 1581
914 137
915 1955
916 1794
917 1943
918 1755
919 151
920 1064
921 86
922 1469
923 1226
924 1603
925 1000
926 313
927 477
928 1284
929 0
930 1156
931 939
932 1573
933 1623
934 259
935 1955
936 1949
937 1711
938 1003
939 321
940 734
941 1029
942 1825
943 712
944 604
945 1795
946 1136
947 15
948 232
949 1615
950 888
951 613
952 459
953 1043
954 1492
955 466
956 1694
957 1529
958 68
959 331
960 1286
961 1875
962 1529
963 1825
964 1693
965 1077
966 1439
967 1559
968 1611
969 1136
970 324
971 367
972 1572
973 667
974 999
975 768
976 1898
977 816
978 652
979 85
980 1587
981 1680
982 827
983 1941
984 1638
985 1748
986 744
987 1290
988 415
989 1073
990 270
991 1232
992 978
993 1431
994 1333
995 1021
996 1052
997 1222
998 515
999 471
1000 1077
